1.101101101101101092e-02 3.203203203203203175e-02 8.508508508508508261e-02 2.402402402402402382e-02 6.306306306306305731e-02 2.002002002002001985e-03 7.607607607607608236e-02 5.605605605605605557e-02 1.671671671671671744e-01 9.009009009009008931e-03 4.004004004004003969e-02 3.203203203203203175e-02 8.908908908908909352e-02 2.902902902902903051e-02 3.503503503503503647e-02 7.007007007007006946e-03 6.606606606606606202e-02 1.801801801801801786e-02 2.102102102102102257e-02 2.102102102102102257e-02 2.002002002002001985e-03 2.702702702702702853e-02 1.601601601601601588e-02 1.301301301301301290e-02 5.805805805805806102e-02
1.286449399656946872e-02 6.346483704974270612e-02 4.288164665523156241e-03 1.063464837049742651e-01 2.315608919382504405e-02 1.286449399656946872e-02 9.519725557461405918e-02 4.288164665523156241e-03 0.000000000000000000e+00 4.116638078902230130e-02 1.457975986277873157e-02 1.029159519725557533e-02 1.097770154373927942e-01 1.286449399656946872e-02 1.457975986277873157e-02 1.972555746140651836e-02 3.344768439108061764e-02 1.732418524871355003e-01 5.403087478559176482e-02 2.315608919382504405e-02 3.687821612349913986e-02 3.516295025728988222e-02 7.718696397941681060e-03 7.632933104631217658e-02 1.457975986277873157e-02
2.914238134887593701e-02 2.997502081598667906e-02 8.326394671107410078e-03 3.746877601998335056e-02 1.748542880932556220e-02 1.332223147377185717e-02 3.413821815154038236e-02 7.993338884263113953e-02 0.000000000000000000e+00 2.331390507910074961e-02 2.747710241465445291e-02 7.993338884263113953e-02 1.165695253955037480e-02 5.412156536219817071e-02 2.747710241465445291e-02 6.744379683597002961e-02 8.159866777685262362e-02 0.000000000000000000e+00 1.007493755203996699e-01 2.997502081598667906e-02 1.357202331390507943e-01 2.331390507910074961e-02 2.747710241465445291e-02 2.497918401332223110e-03 5.745212323064113197e-02
2.753872633390705774e-02 4.905335628227194822e-02 5.421686746987951916e-02 2.753872633390705774e-02 3.184165232358003583e-02 7.745266781411359880e-03 9.036144578313252962e-02 2.581755593803786511e-02 0.000000000000000000e+00 1.462994836488812345e-02 3.356282271944922846e-02 9.036144578313252962e-02 5.249569707401032653e-02 3.184165232358003583e-02 4.475043029259896665e-02 1.979345955249569786e-02 1.738382099827882887e-01 0.000000000000000000e+00 7.056798623063682829e-02 1.979345955249569786e-02 0.000000000000000000e+00 1.462994836488812345e-02 6.884681583476763567e-02 2.151462994836488701e-02 2.925989672977624689e-02
1.082431307243963449e-02 2.248126561199000756e-02 1.082431307243963449e-02 4.412989175686927307e-02 9.159034138218152127e-03 2.997502081598667906e-02 4.912572855953372536e-02 1.915070774354704283e-02 0.000000000000000000e+00 4.163197335553705386e-02 3.913405495420482771e-02 5.079100749375520252e-02 9.159034138218152127e-03 1.415487094088259748e-02 2.497918401332223023e-02 5.145711906744380171e-01 0.000000000000000000e+00 0.000000000000000000e+00 2.331390507910074961e-02 1.082431307243963449e-02 0.000000000000000000e+00 1.498751040799333953e-02 1.915070774354704283e-02 2.664446294754371433e-02 1.498751040799333953e-02
3.525046382189239019e-02 3.525046382189239019e-02 5.936920222634508443e-02 6.555349412492270100e-02 7.544836116264687365e-02 6.926406926406926401e-02 9.647495361781076306e-02 1.484230055658627111e-02 0.000000000000000000e+00 3.710575139146567863e-02 9.956709956709956788e-02 1.558441558441558406e-01 1.917130488559060097e-02 5.751391465677180292e-02 2.844774273345701890e-02 0.000000000000000000e+00 0.000000000000000000e+00 0.000000000000000000e+00 7.421150278293135727e-02 2.659245516388373393e-02 0.000000000000000000e+00 1.484230055658627111e-02 1.484230055658627111e-02 5.565862708719851448e-03 1.484230055658627111e-02
1.998401278976818379e-02 1.758593125499600257e-02 1.598721023181454842e-02 3.836930455635491344e-02 2.078337330135891434e-02 5.595523581135092121e-03 4.476418864908073697e-02 1.998401278976818379e-02 0.000000000000000000e+00 6.155075939248601247e-02 5.267785771382893500e-01 0.000000000000000000e+00 3.996802557953637106e-03 2.717825739408473093e-02 7.434052757793764565e-02 0.000000000000000000e+00 0.000000000000000000e+00 0.000000000000000000e+00 3.597122302158273222e-02 8.792965627498001285e-03 0.000000000000000000e+00 3.996802557953637106e-03 1.039168665067945717e-02 1.438848920863309427e-02 4.956035171862509942e-02
7.237635705669481258e-03 1.875753920386007134e-01 4.825090470446320723e-02 1.266586248492159242e-02 4.583835946924004479e-02 7.418576598311218961e-02 2.484921592279855374e-01 7.237635705669481778e-02 0.000000000000000000e+00 7.237635705669481258e-03 0.000000000000000000e+00 0.000000000000000000e+00 1.507840772014475313e-02 4.041013268998793623e-02 4.825090470446320723e-02 0.000000000000000000e+00 0.000000000000000000e+00 0.000000000000000000e+00 6.875753920386007412e-02 1.507840772014475313e-02 0.000000000000000000e+00 1.266586248492159242e-02 3.618817852834740889e-02 3.799758745476477378e-02 2.171290711700844464e-02
1.416430594900849925e-03 1.274787535410764824e-02 2.620396600566572351e-02 7.790368271954673830e-03 8.498583569405099986e-03 7.273371104815864463e-01 0.000000000000000000e+00 1.487252124645892411e-02 0.000000000000000000e+00 3.824362606232294820e-02 0.000000000000000000e+00 0.000000000000000000e+00 6.373937677053824122e-03 8.073654390934843772e-02 8.498583569405099986e-03 0.000000000000000000e+00 0.000000000000000000e+00 0.000000000000000000e+00 1.133144475920679940e-02 1.983002832861189765e-02 0.000000000000000000e+00 8.498583569405099986e-03 6.373937677053824122e-03 1.983002832861189765e-02 1.416430594900849925e-03
7.946692991115499038e-02 1.145113524185587400e-01 1.924975320829220085e-02 6.120434353405725808e-02 5.182625863770977392e-02 0.000000000000000000e+00 0.000000000000000000e+00 6.762092793682132619e-02 0.000000000000000000e+00 6.120434353405725808e-02 0.000000000000000000e+00 0.000000000000000000e+00 6.465942744323791014e-02 7.354392892398815829e-02 4.886475814412635787e-02 0.000000000000000000e+00 0.000000000000000000e+00 0.000000000000000000e+00 7.946692991115499038e-02 4.886475814412635787e-02 0.000000000000000000e+00 5.528134254689042598e-02 6.120434353405725808e-02 6.120434353405725808e-02 5.182625863770977392e-02
7.969130787977254382e-01 0.000000000000000000e+00 2.112103980503655595e-02 1.462225832656376991e-02 2.437043054427294811e-02 0.000000000000000000e+00 0.000000000000000000e+00 8.123476848090982558e-04 0.000000000000000000e+00 2.437043054427294984e-03 0.000000000000000000e+00 0.000000000000000000e+00 2.437043054427294984e-03 8.123476848090982558e-04 2.437043054427294984e-03 0.000000000000000000e+00 0.000000000000000000e+00 0.000000000000000000e+00 4.874086108854589622e-02 2.518277822908204788e-02 0.000000000000000000e+00 2.193338748984565226e-02 3.655564581640942390e-02 8.123476848090982558e-04 8.123476848090982558e-04
3.103103103103103250e-02 2.002002002002001985e-03 2.502502502502502654e-02 2.002002002002001985e-02 1.101101101101101126e-01 3.703703703703703498e-02 7.007007007007007293e-02 1.101101101101101092e-02 3.803803803803804118e-02 2.002002002002001985e-03 1.201201201201201191e-02 5.305305305305305086e-02 6.406406406406406351e-02 2.402402402402402382e-02 4.104104104104103895e-02 3.703703703703703498e-02 2.202202202202202183e-02 1.441441441441441429e-01 3.403403403403403721e-02 2.002002002002001985e-03 2.702702702702702853e-02 1.021021021021021047e-01 1.401401401401401389e-02 3.703703703703703498e-02 4.004004004004003969e-02
1.924759405074365562e-02 6.999125109361330026e-03 4.374453193350831375e-03 4.374453193350830854e-02 2.493438320209973857e-01 2.099737532808398921e-02 2.712160979877515157e-02 3.062117235345581875e-02 7.086614173228346358e-02 2.449693788276465292e-02 1.347331583552056067e-01 9.623797025371827810e-03 7.961504811898512113e-02 2.274715660542432280e-02 2.449693788276465292e-02 3.499562554680665100e-02 1.662292213473315697e-02 0.000000000000000000e+00 2.099737532808398921e-02 2.099737532808398921e-02 1.487314085739282511e-02 5.686789151356080180e-02 2.099737532808398921e-02 4.374453193350831375e-03 4.024496937882764830e-02
1.635514018691588620e-02 7.788161993769470402e-03 1.791277258566978045e-02 2.500000000000000000e-01 0.000000000000000000e+00 1.246105919003115230e-02 1.246105919003115230e-02 3.193146417445482527e-02 6.464174454828659766e-02 1.635514018691588620e-02 3.660436137071650803e-02 4.205607476635513792e-02 1.915887850467289655e-01 2.570093457943925172e-02 1.791277258566978045e-02 3.582554517133956090e-02 5.062305295950155631e-02 0.000000000000000000e+00 9.345794392523363789e-03 1.557632398753894080e-02 1.947040498442367470e-02 8.566978193146417009e-02 1.557632398753894080e-02 4.672897196261681894e-03 1.947040498442367470e-02
3.863636363636363535e-02 2.272727272727272790e-02 6.818181818181817851e-03 0.000000000000000000e+00 0.000000000000000000e+00 2.651515151515151589e-02 1.515151515151515194e-02 1.265151515151515249e-01 3.757575757575757347e-01 1.515151515151515194e-02 1.136363636363636395e-02 9.090909090909090468e-03 1.742424242424242542e-02 6.515151515151515471e-02 3.560606060606060635e-02 2.121212121212121340e-02 5.530303030303030526e-02 0.000000000000000000e+00 5.227272727272726932e-02 1.893939393939393992e-02 2.803030303030303039e-02 1.893939393939393992e-02 2.121212121212121340e-02 1.136363636363636395e-02 6.818181818181817851e-03
4.882943143812708969e-02 2.809364548494983418e-02 2.541806020066889743e-02 0.000000000000000000e+00 0.000000000000000000e+00 2.675585284280936321e-03 1.130434782608695649e-01 7.224080267558528889e-02 0.000000000000000000e+00 2.675585284280936321e-03 3.143812709030100599e-02 2.622073578595317533e-01 1.518394648829431426e-01 3.812709030100334268e-02 1.270903010033444872e-02 4.949832775919732475e-02 2.140468227424749056e-02 0.000000000000000000e+00 4.615384615384615641e-02 1.404682274247491709e-02 1.270903010033444872e-02 1.538461538461538547e-02 1.070234113712374528e-02 2.140468227424749056e-02 1.939799331103678887e-02
4.672897196261682068e-02 6.613946800862688380e-02 8.626887131560029287e-02 0.000000000000000000e+00 0.000000000000000000e+00 5.463695183321351512e-02 3.594536304816678580e-03 2.947519769949676349e-01 0.000000000000000000e+00 8.626887131560028246e-03 1.006470165348670107e-02 0.000000000000000000e+00 5.319913731128684403e-02 1.006470165348670107e-02 1.006470165348670107e-02 8.626887131560028246e-03 1.603163191948238642e-01 0.000000000000000000e+00 2.228612508986340876e-02 2.084831056793673768e-02 7.620416966211358833e-02 1.725377426312005649e-02 3.594536304816678580e-03 3.306973400431344190e-02 1.365923795830337878e-02
1.773049645390071052e-02 8.510638297872340566e-03 1.063829787234042527e-02 0.000000000000000000e+00 0.000000000000000000e+00 1.063829787234042527e-02 6.638297872340425121e-01 0.000000000000000000e+00 0.000000000000000000e+00 2.482269503546099404e-02 3.687943262411347289e-02 0.000000000000000000e+00 4.751773049645389990e-02 2.836879432624113666e-03 1.063829787234042527e-02 1.063829787234042527e-02 3.049645390070921877e-02 0.000000000000000000e+00 8.510638297872340566e-03 2.482269503546099404e-02 3.191489361702127409e-02 1.631205673758865174e-02 1.205673758865248232e-02 2.056737588652482115e-02 1.063829787234042527e-02
3.913491246138001839e-02 1.215242018537590063e-01 1.323377960865087521e-01 0.000000000000000000e+00 0.000000000000000000e+00 6.694129763130792984e-03 0.000000000000000000e+00 0.000000000000000000e+00 0.000000000000000000e+00 3.347064881565396666e-02 4.325437693099896952e-02 0.000000000000000000e+00 1.349124613800206096e-01 2.214212152420185278e-02 4.685890834191554916e-02 8.650875386199793904e-02 7.415036045314109259e-02 0.000000000000000000e+00 2.677651905252317194e-02 4.943357363542739275e-02 5.767250257466529501e-02 6.694129763130792984e-03 1.493305870236869178e-02 9.526261585993821279e-02 8.238928939237898791e-03
1.744647105471847787e-02 3.251387787470261942e-02 3.172085646312450442e-03 0.000000000000000000e+00 0.000000000000000000e+00 1.586042823156225221e-03 0.000000000000000000e+00 0.000000000000000000e+00 0.000000000000000000e+00 4.758128469468675230e-03 1.586042823156225221e-03 0.000000000000000000e+00 0.000000000000000000e+00 8.723235527359238933e-03 1.586042823156225221e-03 2.379064234734337702e-02 8.374306106264869376e-01 0.000000000000000000e+00 9.516256938937350460e-03 3.172085646312450442e-03 1.744647105471847787e-02 4.758128469468675230e-03 1.982553528945281418e-02 4.758128469468675230e-03 7.930214115781125672e-03
1.508515815085158078e-02 8.613138686131387167e-02 5.742092457420924778e-02 0.000000000000000000e+00 0.000000000000000000e+00 8.175182481751824826e-02 0.000000000000000000e+00 0.000000000000000000e+00 0.000000000000000000e+00 5.498783454987834357e-02 4.622871046228710368e-02 0.000000000000000000e+00 0.000000000000000000e+00 4.379562043795620641e-02 7.542579075425791257e-02 4.379562043795620641e-02 0.000000000000000000e+00 0.000000000000000000e+00 9.440389294403893350e-02 4.622871046228710368e-02 9.440389294403893350e-02 6.228710462287104926e-02 9.051094890510949509e-02 6.861313868613139189e-02 3.892944038929440492e-02
4.694048616932103984e-02 1.726739312657166736e-01 8.382229673093042829e-04 0.000000000000000000e+00 0.000000000000000000e+00 1.592623637887678051e-02 0.000000000000000000e+00 0.000000000000000000e+00 0.000000000000000000e+00 3.436714165968147300e-02 2.849958088851634389e-02 0.000000000000000000e+00 0.000000000000000000e+00 2.514668901927912675e-02 8.885163453478625573e-02 8.633696563285833681e-02 0.000000000000000000e+00 0.000000000000000000e+00 0.000000000000000000e+00 4.107292539815590726e-02 1.223805532271584201e-01 1.173512154233025961e-01 1.517183570829840622e-01 3.772003352891869360e-02 3.017602682313495419e-02
5.145228215767634616e-02 0.000000000000000000e+00 5.145228215767634616e-02 0.000000000000000000e+00 0.000000000000000000e+00 3.568464730290456244e-02 0.000000000000000000e+00 0.000000000000000000e+00 0.000000000000000000e+00 7.800829875518672241e-02 6.556016597510373745e-02 0.000000000000000000e+00 0.000000000000000000e+00 7.219917012448132110e-02 5.145228215767634616e-02 5.145228215767634616e-02 0.000000000000000000e+00 0.000000000000000000e+00 0.000000000000000000e+00 5.145228215767634616e-02 1.020746887966804961e-01 1.535269709543568561e-01 1.195020746887966862e-01 5.809128630705394369e-02 5.809128630705394369e-02
1.942567567567567502e-02 0.000000000000000000e+00 3.125000000000000000e-02 0.000000000000000000e+00 0.000000000000000000e+00 8.445945945945946415e-04 0.000000000000000000e+00 0.000000000000000000e+00 0.000000000000000000e+00 8.445945945945946415e-04 1.520270270270270355e-02 0.000000000000000000e+00 0.000000000000000000e+00 5.912162162162162490e-03 2.027027027027027140e-02 1.097972972972973034e-02 0.000000000000000000e+00 0.000000000000000000e+00 0.000000000000000000e+00 2.956081081081081072e-02 4.104729729729729715e-01 0.000000000000000000e+00 4.096283783783783994e-01 2.871621621621621781e-02 1.689189189189189283e-02
7.007007007007006946e-03 2.302302302302302456e-02 4.704704704704704837e-02 3.103103103103103250e-02 2.302302302302302456e-02 3.203203203203203175e-02 5.205205205205205160e-02 2.902902902902903051e-02 1.501501501501501488e-02 5.505505505505505631e-02 4.404404404404404366e-02 5.905905905905906028e-02 9.409409409409409675e-02 5.005005005005004962e-03 5.005005005005004962e-03 8.208208208208207790e-02 4.704704704704704837e-02 1.081081081081081141e-01 2.402402402402402382e-02 2.902902902902903051e-02 1.191191191191191129e-01 2.102102102102102257e-02 2.802802802802802778e-02 1.801801801801801786e-02 2.002002002002001985e-03
1.788908765652951621e-02 1.073345259391770938e-02 9.391771019677996879e-02 4.472271914132379053e-03 1.252236135957066239e-02 8.050089445438283337e-03 1.771019677996422126e-01 1.252236135957066239e-02 8.050089445438283337e-03 1.073345259391770938e-02 8.676207513416815675e-02 6.887298747763863360e-02 1.243291592128801387e-01 1.010733452593917669e-01 3.041144901610018034e-02 6.082289803220036067e-02 4.472271914132379053e-03 5.545617173524150512e-02 3.220035778175313335e-02 4.472271914132379053e-03 0.000000000000000000e+00 2.772808586762075256e-02 3.041144901610018034e-02 1.252236135957066239e-02 4.472271914132379053e-03
1.086048454469507041e-02 1.420217209690893823e-02 1.921470342522973995e-02 1.253132832080200432e-02 3.592314118629907904e-02 4.678362573099414945e-02 0.000000000000000000e+00 5.756056808688387871e-01 4.177109440267334772e-03 2.506265664160400863e-03 6.265664160401002158e-02 7.518796992481202590e-03 4.177109440267334772e-03 1.420217209690893823e-02 2.172096908939014082e-02 4.177109440267334772e-03 7.435254803675855895e-02 2.506265664160400863e-03 1.921470342522973995e-02 2.506265664160400863e-03 0.000000000000000000e+00 1.253132832080200432e-02 1.503759398496240518e-02 1.420217209690893823e-02 2.339181286549707472e-02
8.886255924170615925e-03 1.066350710900474015e-02 6.338862559241706385e-02 2.725118483412322309e-02 2.073459715639810325e-02 8.886255924170615925e-03 0.000000000000000000e+00 0.000000000000000000e+00 1.066350710900474015e-02 1.718009478672985826e-02 4.146919431279621170e-03 1.415876777251184881e-01 1.024881516587677760e-01 1.421800947867298513e-02 4.917061611374407698e-02 5.509478672985781977e-02 2.642180094786729661e-01 6.042654028436018898e-02 1.599526066350710762e-02 2.547393364928909887e-02 0.000000000000000000e+00 1.066350710900474015e-02 2.251184834123222747e-02 5.213270142180094491e-02 1.421800947867298513e-02
1.107266435986159134e-02 1.453287197231833972e-02 8.512110726643598579e-02 2.256055363321799179e-01 2.629757785467128073e-02 8.512110726643598579e-02 0.000000000000000000e+00 0.000000000000000000e+00 9.688581314878891987e-03 3.391003460207612369e-02 1.453287197231833972e-02 7.681660899653978969e-02 5.121107266435986211e-02 1.107266435986159134e-02 4.359861591695501915e-02 1.314878892733564036e-02 0.000000000000000000e+00 1.591695501730103907e-02 5.328719723183390766e-02 2.491349480968858138e-02 0.000000000000000000e+00 5.536332179930795669e-03 1.487889273356401421e-01 1.937716262975778397e-02 3.044982698961937878e-02
1.660377358490566085e-02 9.056603773584906078e-03 9.056603773584906078e-03 0.000000000000000000e+00 1.283018867924528260e-02 2.188679245283018868e-02 0.000000000000000000e+00 0.000000000000000000e+00 5.509433962264150692e-02 3.773584905660377388e-03 2.037735849056603737e-02 9.660377358490565558e-02 9.056603773584906078e-03 3.849056603773584606e-02 5.962264150943396429e-02 2.641509433962264120e-01 0.000000000000000000e+00 1.954716981132075537e-01 4.528301886792452519e-02 2.188679245283018868e-02 0.000000000000000000e+00 3.547169811320755040e-02 5.660377358490566169e-02 6.792452830188679125e-03 2.188679245283018868e-02
1.704966641957005036e-02 1.408450704225352144e-02 2.520385470719051224e-02 0.000000000000000000e+00 4.299481097108969613e-02 1.111934766493699080e-02 0.000000000000000000e+00 0.000000000000000000e+00 5.263157894736841813e-02 8.450704225352112520e-02 2.223869532987398159e-02 2.520385470719051224e-02 2.023721275018532384e-01 2.742772424017790936e-02 1.178650852483320993e-01 0.000000000000000000e+00 0.000000000000000000e+00 2.090437361008154193e-01 5.040770941438102448e-02 2.001482579688658101e-02 0.000000000000000000e+00 1.111934766493699080e-02 2.223869532987398159e-02 2.742772424017790936e-02 1.704966641957005036e-02
4.683840749414519902e-03 8.587041373926620688e-03 2.341920374707259951e-03 0.000000000000000000e+00 4.683840749414519902e-03 2.341920374707259951e-03 0.000000000000000000e+00 0.000000000000000000e+00 3.825136612021858007e-02 1.639344262295082053e-02 2.341920374707259951e-03 1.483216237314598056e-02 7.939110070257611174e-01 2.341920374707259951e-03 7.025761124121779853e-03 0.000000000000000000e+00 0.000000000000000000e+00 0.000000000000000000e+00 2.341920374707259951e-03 2.341920374707259951e-03 0.000000000000000000e+00 2.498048399687743948e-02 2.029664324746292131e-02 1.795472287275565876e-02 3.434816549570648275e-02
3.472222222222222376e-02 2.380952380952380820e-02 4.910714285714285615e-02 0.000000000000000000e+00 5.208333333333333565e-02 1.190476190476190410e-02 0.000000000000000000e+00 0.000000000000000000e+00 7.242063492063492702e-02 1.304563492063492147e-01 2.380952380952380820e-02 1.785714285714285615e-02 0.000000000000000000e+00 8.829365079365079916e-02 1.324404761904761918e-01 0.000000000000000000e+00 0.000000000000000000e+00 0.000000000000000000e+00 5.555555555555555247e-02 2.380952380952380820e-02 0.000000000000000000e+00 6.349206349206348854e-02 2.926587301587301598e-02 1.339285714285714246e-01 5.704365079365079222e-02
4.728132387706855677e-03 1.182033096926713919e-02 2.285263987391646795e-02 0.000000000000000000e+00 4.255319148936170109e-02 9.456264775413711354e-03 0.000000000000000000e+00 0.000000000000000000e+00 6.304176516942474814e-03 7.092198581560284210e-02 1.576044129235618704e-03 1.418439716312056703e-02 0.000000000000000000e+00 7.084318360914105828e-01 5.516154452324665246e-03 0.000000000000000000e+00 0.000000000000000000e+00 0.000000000000000000e+00 1.497241922773837747e-02 2.915681639085894450e-02 0.000000000000000000e+00 4.649330181245074634e-02 1.576044129235618704e-03 0.000000000000000000e+00 9.456264775413711354e-03
6.006322444678609263e-02 6.902002107481559900e-02 7.323498419388829728e-02 0.000000000000000000e+00 8.535300316122233777e-02 5.005268703898840821e-02 0.000000000000000000e+00 0.000000000000000000e+00 8.535300316122233777e-02 1.037934668071654326e-01 3.951527924130664171e-02 2.792413066385669024e-02 0.000000000000000000e+00 0.000000000000000000e+00 9.747102212855637826e-02 0.000000000000000000e+00 0.000000000000000000e+00 0.000000000000000000e+00 9.167544783983140599e-02 9.483667017913592623e-02 0.000000000000000000e+00 3.582718651211801858e-02 3.582718651211801858e-02 0.000000000000000000e+00 5.005268703898840821e-02
7.431874483897604917e-03 9.909165978530139890e-03 1.651527663088356648e-02 0.000000000000000000e+00 2.394715111478117400e-02 8.257638315441783242e-04 0.000000000000000000e+00 0.000000000000000000e+00 8.257638315441783242e-04 0.000000000000000000e+00 8.257638315441783242e-04 1.816680429397192487e-02 0.000000000000000000e+00 0.000000000000000000e+00 8.315441783649876184e-01 0.000000000000000000e+00 0.000000000000000000e+00 0.000000000000000000e+00 2.559867877786952892e-02 1.321222130470685319e-02 0.000000000000000000e+00 8.257638315441783242e-04 4.954582989265069945e-03 0.000000000000000000e+00 4.541701073492981217e-02
1.601601601601601588e-02 3.203203203203203175e-02 2.402402402402402382e-02 1.901901901901902059e-02 1.161161161161161220e-01 3.503503503503503647e-02 8.008008008008007939e-02 2.002002002002001985e-03 1.661661661661661682e-01 3.003003003003002977e-02 2.002002002002001985e-03 6.306306306306305731e-02 2.002002002002001985e-03 4.704704704704704837e-02 4.504504504504504292e-02 2.002002002002001985e-03 2.402402402402402382e-02 2.602602602602602580e-02 1.401401401401401389e-02 2.002002002002001985e-03 2.002002002002001985e-03 1.871871871871871873e-01 2.902902902902903051e-02 2.002002002002001985e-03 3.203203203203203175e-02
3.035413153456998150e-02 6.745362563237773668e-03 4.890387858347386429e-02 3.878583473861720032e-02 3.709949409780775864e-02 3.372681281618886834e-03 3.372681281618886834e-03 2.740303541315345925e-01 2.698145025295109467e-02 2.023608768971332100e-02 3.372681281618886834e-03 1.686340640809443417e-02 2.976391231028667761e-01 3.878583473861720032e-02 3.204047217537942666e-02 3.372681281618886834e-03 2.529510961214165299e-02 3.204047217537942666e-02 2.360876897133220784e-02 3.372681281618886834e-03 8.431703204047217085e-03 0.000000000000000000e+00 8.431703204047217085e-03 8.431703204047217085e-03 8.431703204047217085e-03
2.292899408284023582e-02 3.698224852071006069e-02 2.071005917159763482e-02 3.032544378698224727e-02 2.440828402366863881e-02 8.801775147928994625e-02 1.331360946745562164e-02 3.254437869822485174e-02 4.068047337278106468e-02 9.097633136094675221e-02 2.588757396449704179e-02 2.965976331360946627e-01 0.000000000000000000e+00 1.923076923076923184e-02 3.772189349112425871e-02 7.100591715976331542e-02 2.440828402366863881e-02 4.733727810650887463e-02 1.035502958579881741e-02 2.958579881656804664e-03 8.136094674556212936e-03 0.000000000000000000e+00 3.698224852071006069e-02 1.331360946745562164e-02 5.177514792899408705e-03
2.857142857142857140e-03 2.857142857142857140e-03 4.499999999999999833e-02 1.214285714285714274e-02 3.928571428571428492e-02 9.285714285714286031e-03 2.857142857142857140e-03 1.071428571428571438e-02 2.571428571428571383e-02 4.857142857142857095e-02 2.857142857142857140e-03 0.000000000000000000e+00 0.000000000000000000e+00 4.857142857142857095e-02 1.714285714285714371e-02 2.857142857142857140e-03 5.842857142857142971e-01 2.857142857142857054e-02 3.142857142857143071e-02 9.285714285714286031e-03 1.357142857142857109e-02 0.000000000000000000e+00 1.071428571428571438e-02 4.642857142857143016e-02 5.000000000000000104e-03
2.641717116125481477e-02 3.577325261419923158e-02 2.751788662630710088e-03 6.604292790313703691e-03 2.168409466152999565e-01 7.980187121629059299e-02 4.843148046230049547e-02 3.907539900935608213e-02 7.760044028618602596e-02 2.751788662630710088e-03 8.255365987892129831e-03 0.000000000000000000e+00 0.000000000000000000e+00 1.645569620253164445e-01 6.604292790313703691e-03 5.668684645019262530e-02 0.000000000000000000e+00 1.761144744083654318e-02 2.366538249862410598e-02 2.256466703357182246e-02 1.029168959823885537e-01 0.000000000000000000e+00 1.651073197578425966e-02 2.751788662630710088e-03 4.182718767198679438e-02
1.722900215362526896e-02 4.594400574300071954e-02 1.435750179468772356e-02 1.722900215362526896e-02 0.000000000000000000e+00 2.081837760229720072e-02 2.799712849964106076e-02 1.866475233309404166e-02 5.743000717875089943e-03 3.589375448671931063e-02 1.435750179468772356e-02 0.000000000000000000e+00 0.000000000000000000e+00 5.735821966977745490e-01 1.220387652548456624e-02 2.727925340990667788e-02 0.000000000000000000e+00 5.743000717875089943e-03 2.440775305096913247e-02 5.743000717875089943e-03 3.876525484565685603e-02 0.000000000000000000e+00 3.661162957645369698e-02 3.302225412778176522e-02 2.440775305096913247e-02
6.674082313681869126e-03 6.840934371523915702e-02 4.616240266963292371e-02 1.779755283648498318e-02 0.000000000000000000e+00 1.446051167964404818e-02 5.895439377085650440e-02 3.448275862068965469e-02 2.836484983314794053e-02 8.898776418242491937e-02 7.730812013348165035e-02 0.000000000000000000e+00 0.000000000000000000e+00 0.000000000000000000e+00 1.212458286985539507e-01 1.451612903225806550e-01 0.000000000000000000e+00 9.844271412680756506e-02 1.779755283648498318e-02 5.895439377085650440e-02 7.285873192436040369e-02 0.000000000000000000e+00 6.674082313681869126e-03 2.836484983314794053e-02 8.898776418242491590e-03
9.523809523809524669e-03 1.746031746031746074e-02 1.269841269841269840e-02 1.587301587301587300e-03 0.000000000000000000e+00 1.507936507936507957e-02 1.190476190476190410e-02 2.142857142857142877e-02 1.428571428571428527e-02 9.523809523809524669e-03 1.269841269841269840e-02 0.000000000000000000e+00 0.000000000000000000e+00 0.000000000000000000e+00 1.269841269841269840e-02 0.000000000000000000e+00 0.000000000000000000e+00 1.587301587301587300e-03 9.523809523809524669e-03 1.428571428571428527e-02 8.119047619047619069e-01 0.000000000000000000e+00 9.523809523809524669e-03 1.269841269841269840e-02 1.587301587301587300e-03
4.203758654797230127e-02 5.637982195845697014e-02 6.181998021760633233e-02 3.610286844708209680e-02 0.000000000000000000e+00 7.764589515331354885e-02 5.341246290801186791e-02 4.500494559841741044e-02 3.907022749752719903e-02 1.033630069238377774e-01 5.637982195845697014e-02 0.000000000000000000e+00 0.000000000000000000e+00 0.000000000000000000e+00 9.297725024727991616e-02 0.000000000000000000e+00 0.000000000000000000e+00 5.885262116716122316e-02 6.676557863501483836e-02 6.181998021760633233e-02 0.000000000000000000e+00 0.000000000000000000e+00 3.610286844708209680e-02 5.044510385756676568e-02 6.181998021760633233e-02
1.324503311258278145e-02 8.278145695364238403e-04 8.278145695364238403e-04 8.278145695364238403e-04 0.000000000000000000e+00 8.278145695364238403e-04 6.622516556291390723e-03 9.105960264900661918e-03 1.158940397350993398e-02 0.000000000000000000e+00 1.986754966887417304e-02 0.000000000000000000e+00 0.000000000000000000e+00 0.000000000000000000e+00 8.716887417218542877e-01 0.000000000000000000e+00 0.000000000000000000e+00 1.241721854304635685e-02 3.559602649006622654e-02 4.966887417218543259e-03 0.000000000000000000e+00 0.000000000000000000e+00 9.933774834437086518e-03 8.278145695364238403e-04 8.278145695364238403e-04
4.904904904904904689e-02 5.005005005005004962e-03 7.207207207207207145e-02 4.804804804804804763e-02 7.007007007007007293e-02 7.007007007007006946e-03 2.002002002002001985e-03 4.304304304304304440e-02 1.301301301301301290e-02 7.007007007007006946e-03 1.721721721721721776e-01 3.103103103103103250e-02 1.661661661661661682e-01 1.801801801801801786e-02 2.002002002002001985e-03 2.902902902902903051e-02 6.906906906906906674e-02 5.205205205205205160e-02 2.602602602602602580e-02 2.002002002002001985e-03 6.306306306306305731e-02 2.002002002002001985e-03 3.103103103103103250e-02 2.002002002002001985e-03 1.801801801801801786e-02
7.344150298889837170e-02 4.526046114432109163e-02 6.575576430401366967e-02 4.355251921434671186e-02 9.052092228864218326e-02 1.793339026473099798e-02 1.366353543979504682e-02 2.561912894961571388e-02 9.820666097352689916e-02 1.195559350982066532e-02 0.000000000000000000e+00 2.732707087959009365e-02 8.368915456874466419e-02 1.366353543979504682e-02 5.721605465414175695e-02 6.575576430401366967e-02 4.269854824935952024e-03 1.537147736976942833e-02 4.269854824935952024e-03 5.550811272416737718e-02 7.429547395388556852e-02 7.344150298889837170e-02 4.269854824935952024e-03 1.537147736976942833e-02 1.964133219470538122e-02
2.513464991023339409e-02 5.116696588868940854e-02 8.976660682226212176e-03 2.692998204667863653e-03 1.032315978456014305e-01 8.078994614003590091e-02 2.692998204667863653e-03 7.001795332136445671e-02 0.000000000000000000e+00 3.231597845601436036e-02 0.000000000000000000e+00 2.692998204667863653e-03 1.238779174147217194e-01 7.181328545780969741e-03 2.154398563734290922e-02 4.937163375224416784e-02 7.989228007181328750e-02 4.757630161579892020e-02 1.256732495511669705e-02 2.603231597845601444e-02 7.181328545780969741e-03 9.694793536804308109e-02 1.526032315978455983e-02 8.527827648114900960e-02 4.757630161579892020e-02
8.443271767810026085e-02 1.143359718557607728e-02 5.716798592788038813e-02 7.915567282321900322e-02 1.143359718557607728e-02 3.693931398416886586e-02 2.374670184696569750e-02 2.022867194371152227e-02 0.000000000000000000e+00 1.143359718557607728e-02 0.000000000000000000e+00 2.374670184696569750e-02 0.000000000000000000e+00 7.036059806508355649e-03 7.036059806508355649e-03 1.759014951627088999e-02 4.080914687774845895e-01 8.003518029903254616e-02 3.518029903254177825e-03 2.022867194371152227e-02 4.221635883905013042e-02 3.518029903254177825e-03 2.374670184696569750e-02 1.759014951627088999e-02 9.674582233948987933e-03
2.323991797676008136e-02 4.101161995898838092e-03 1.319207108680792995e-01 2.187286397812713765e-02 7.382091592617907871e-02 4.101161995898838092e-03 2.050580997949419046e-03 1.025290498974709523e-02 0.000000000000000000e+00 1.572112098427887877e-02 0.000000000000000000e+00 2.050580997949419046e-03 0.000000000000000000e+00 7.518796992481202590e-02 1.777170198222829955e-02 7.108680792891319822e-02 0.000000000000000000e+00 3.820915926179084265e-01 2.050580997949419046e-02 1.913875598086124327e-02 2.392344497607655496e-02 2.392344497607655496e-02 2.870813397129186664e-02 1.298701298701298787e-02 3.554340396445659911e-02
3.979460847240051669e-02 5.776636713735558426e-03 4.364569961489088434e-02 7.766367137355584260e-02 8.793324775353016098e-02 9.435173299101412558e-02 7.702182284980744857e-03 3.074454428754813673e-01 0.000000000000000000e+00 7.188703465982028418e-02 0.000000000000000000e+00 1.925545571245186258e-02 0.000000000000000000e+00 1.476251604621309395e-02 1.155327342747111685e-02 3.273427471116816673e-02 0.000000000000000000e+00 0.000000000000000000e+00 2.952503209242618790e-02 3.851091142490372429e-03 1.797175866495507104e-02 7.702182284980744857e-03 9.691912708600770865e-02 1.155327342747111685e-02 1.797175866495507104e-02
1.082543978349120514e-02 8.254397834912043097e-02 1.556156968876860544e-02 2.706359945872801286e-03 6.765899864682002780e-03 3.721244925575101226e-02 4.668470906630581979e-02 0.000000000000000000e+00 0.000000000000000000e+00 1.170500676589986411e-01 0.000000000000000000e+00 2.848443843031123190e-01 0.000000000000000000e+00 4.736129905277402033e-03 4.059539918809201842e-02 1.414073071718538466e-01 0.000000000000000000e+00 0.000000000000000000e+00 2.232746955345060735e-02 5.277401894451962117e-02 4.059539918809201842e-02 3.721244925575101226e-02 1.082543978349120514e-02 2.232746955345060735e-02 2.300405953991880789e-02
5.633802816901408578e-02 5.211267605633802813e-02 1.760563380281690224e-02 8.450704225352111826e-03 5.352112676056337837e-02 7.816901408450704913e-02 3.676056338028169113e-01 0.000000000000000000e+00 0.000000000000000000e+00 1.619718309859154853e-02 0.000000000000000000e+00 0.000000000000000000e+00 0.000000000000000000e+00 1.619718309859154853e-02 6.971830985915493384e-02 4.014084507042253724e-02 0.000000000000000000e+00 0.000000000000000000e+00 6.338028169014084737e-03 3.521126760563380361e-03 7.394366197183098455e-02 4.225352112676056260e-02 5.492957746478873554e-02 1.056338028169014065e-02 3.239436619718309707e-02
1.051939513477975069e-02 3.287310979618671830e-02 1.577909270216962603e-02 2.629848783694937672e-03 1.038790269559500268e-01 5.641025641025640969e-01 0.000000000000000000e+00 0.000000000000000000e+00 0.000000000000000000e+00 4.010519395134779647e-02 0.000000000000000000e+00 0.000000000000000000e+00 0.000000000000000000e+00 1.577909270216962603e-02 3.287310979618671830e-02 2.432610124917817390e-02 0.000000000000000000e+00 0.000000000000000000e+00 1.051939513477975069e-02 4.602235371466140493e-03 4.667981591058514151e-02 1.183431952662721866e-02 4.207758053911900276e-02 2.695595003287310984e-02 1.446416831032215633e-02
3.177167474421109250e-01 6.354334948842219055e-02 4.200323101777059948e-02 5.385029617662897422e-02 4.577275175013462843e-02 0.000000000000000000e+00 0.000000000000000000e+00 0.000000000000000000e+00 0.000000000000000000e+00 8.077544426494345786e-03 0.000000000000000000e+00 0.000000000000000000e+00 0.000000000000000000e+00 3.984921917070544106e-02 4.200323101777059948e-02 8.077544426494345786e-03 0.000000000000000000e+00 0.000000000000000000e+00 8.131394722670974573e-02 1.400107700592353316e-02 7.108239095315024847e-02 7.485191168551426355e-02 8.777598276790522791e-02 8.077544426494345786e-03 4.200323101777059948e-02
0.000000000000000000e+00 8.042794210195091109e-01 2.517306482064191400e-02 1.258653241032095743e-03 3.146633102580239250e-03 0.000000000000000000e+00 0.000000000000000000e+00 0.000000000000000000e+00 0.000000000000000000e+00 8.936438011327879627e-02 0.000000000000000000e+00 0.000000000000000000e+00 0.000000000000000000e+00 1.258653241032095743e-03 3.146633102580239250e-03 3.146633102580239250e-03 0.000000000000000000e+00 0.000000000000000000e+00 1.258653241032095743e-03 3.146633102580239250e-03 3.146633102580239250e-03 1.258653241032095743e-03 2.013845185651353190e-02 1.258653241032095743e-03 3.901825047199496826e-02
0.000000000000000000e+00 0.000000000000000000e+00 4.347826086956521618e-02 6.411945542380324825e-02 6.016688625384277594e-02 0.000000000000000000e+00 0.000000000000000000e+00 0.000000000000000000e+00 0.000000000000000000e+00 6.016688625384277594e-02 0.000000000000000000e+00 0.000000000000000000e+00 0.000000000000000000e+00 3.908651734738691208e-02 4.787000439174352029e-02 6.411945542380324825e-02 0.000000000000000000e+00 0.000000000000000000e+00 7.202459376372419286e-02 7.202459376372419286e-02 6.411945542380324825e-02 1.523935002195871691e-01 1.203337725076855519e-01 6.411945542380324825e-02 7.597716293368467211e-02
0.000000000000000000e+00 0.000000000000000000e+00 1.931649331352154608e-02 2.005943536404160635e-02 3.194650817236255325e-02 0.000000000000000000e+00 0.000000000000000000e+00 0.000000000000000000e+00 0.000000000000000000e+00 1.040118870728083157e-02 0.000000000000000000e+00 0.000000000000000000e+00 0.000000000000000000e+00 1.114413075780089184e-02 4.977711738484397880e-02 6.612184249628529076e-02 0.000000000000000000e+00 0.000000000000000000e+00 1.099554234769687944e-01 7.429420505200593980e-04 2.897473997028231912e-02 0.000000000000000000e+00 5.260029717682020989e-01 8.172362555720653898e-02 4.383358098068350361e-02
3.303303303303303101e-02 7.507507507507507616e-02 4.504504504504504292e-02 1.801801801801801786e-02 2.102102102102102257e-02 3.303303303303303101e-02 3.403403403403403721e-02 3.003003003003002977e-03 5.005005005005004962e-03 3.103103103103103250e-02 2.802802802802802778e-02 1.301301301301301394e-01 2.002002002002001985e-03 3.003003003003002977e-02 1.601601601601601588e-02 2.002002002002001985e-03 2.712712712712712637e-01 3.703703703703703498e-02 2.602602602602602580e-02 2.002002002002001985e-03 7.207207207207207145e-02 7.007007007007006946e-03 1.301301301301301290e-02 4.004004004004003969e-02 2.502502502502502654e-02
3.937007874015747977e-03 3.937007874015747977e-03 4.251968503937007815e-02 5.590551181102362127e-02 1.448818897637795255e-01 2.125984251968503908e-02 6.929133858267716439e-02 6.929133858267716439e-02 1.338582677165354312e-02 5.590551181102362127e-02 3.937007874015747977e-02 2.677165354330708624e-02 1.228346456692913369e-01 8.425196850393701364e-02 9.448818897637795144e-03 1.181102362204724393e-02 0.000000000000000000e+00 2.519685039370078705e-02 1.732283464566929110e-02 9.448818897637795144e-03 2.519685039370078705e-02 9.527559055118110798e-02 1.732283464566929110e-02 1.574803149606299191e-02 1.968503937007873988e-02
4.818258664412510689e-02 7.269653423499577993e-02 9.213863060016906636e-02 4.902789518174133221e-02 0.000000000000000000e+00 1.521555367709213902e-02 1.098901098901098987e-02 1.978021978021977934e-01 9.298393913778528821e-03 2.197802197802197974e-02 9.467455621301774926e-02 1.005917159763313612e-01 9.298393913778528821e-03 1.141166525781910357e-01 5.917159763313609329e-03 3.888419273034657980e-02 0.000000000000000000e+00 1.775147928994082885e-02 4.142011834319526964e-02 5.917159763313609329e-03 4.226542688081150016e-03 7.607776838546069509e-03 4.226542688081150016e-03 2.874049027895181699e-02 9.298393913778528821e-03
2.433090024330900394e-02 2.919708029197080196e-02 9.894566098945660471e-02 1.135442011354420057e-02 0.000000000000000000e+00 1.135442011354420057e-02 1.370640713706407221e-01 0.000000000000000000e+00 4.866180048661800615e-03 2.027575020275750040e-02 8.110300081103000158e-03 1.265206812652068247e-01 2.676399026763990122e-02 2.433090024330900394e-02 3.487429034874290484e-02 5.433901054339010384e-02 0.000000000000000000e+00 8.840227088402270728e-02 4.866180048661800615e-03 3.811841038118410352e-02 1.062449310624493104e-01 9.570154095701541297e-02 2.676399026763990122e-02 1.135442011354420057e-02 1.622060016220600032e-02
2.482876712328766985e-02 1.113013698630136925e-02 2.311643835616438228e-02 6.335616438356164726e-02 0.000000000000000000e+00 1.284246575342465890e-01 0.000000000000000000e+00 0.000000000000000000e+00 1.541095890410958819e-02 2.568493150684931364e-02 7.277397260273972546e-02 2.294520547945205491e-01 5.479452054794520244e-02 1.258561643835616473e-01 1.541095890410958819e-02 4.109589041095890183e-02 0.000000000000000000e+00 4.109589041095890183e-02 3.938356164383561425e-02 1.113013698630136925e-02 1.113013698630136925e-02 4.708904109589041181e-02 8.561643835616437881e-03 1.712328767123287576e-03 8.561643835616437881e-03
