1.801801801801801786e-02 7.357357357357356686e-02 2.777777777777777624e-02 5.130130130130130389e-02 6.631631631631632051e-02 7.007007007007007293e-02 5.455455455455455321e-02 8.633633633633633342e-02 4.979979979979980154e-02 2.627627627627627735e-02 1.076076076076076110e-02 0.000000000000000000e+00 0.000000000000000000e+00 2.227227227227227338e-02 8.758758758758758423e-02 2.627627627627627735e-02 0.000000000000000000e+00 6.331331331331331580e-02 5.805805805805806102e-02 3.728728728728728653e-02 3.503503503503503647e-02 8.908908908908909352e-02 1.451451451451451526e-02 2.377377377377377227e-02 8.008008008008007939e-03
8.917197452229299118e-03 2.845010615711252716e-02 2.675159235668789909e-02 7.218683651804671045e-03 2.042462845010615813e-01 1.783439490445859824e-02 1.740976645435244122e-02 2.246284501061571182e-01 2.101910828025477795e-01 1.613588110403397016e-02 6.369426751592357008e-03 0.000000000000000000e+00 0.000000000000000000e+00 4.246284501061571050e-03 1.613588110403397016e-02 2.123142250530785525e-03 0.000000000000000000e+00 1.316348195329087103e-02 1.953290870488322631e-02 3.736730360934182454e-02 9.426751592356688580e-02 0.000000000000000000e+00 3.439490445859872542e-02 4.246284501061571050e-03 6.369426751592357008e-03
5.142405063291138889e-03 2.215189873417721528e-02 6.724683544303797743e-03 3.560126582278480903e-03 6.724683544303797743e-03 1.226265822784810069e-02 9.889240506329114583e-03 0.000000000000000000e+00 1.226265822784810069e-02 1.859177215189873264e-02 6.724683544303797743e-03 0.000000000000000000e+00 0.000000000000000000e+00 6.724683544303797743e-03 2.215189873417721528e-02 6.724683544303797743e-03 0.000000000000000000e+00 8.306962025316454862e-03 8.306962025316454862e-03 6.724683544303797743e-03 8.215981012658227778e-01 0.000000000000000000e+00 8.306962025316454862e-03 3.560126582278480903e-03 3.560126582278480903e-03
1.128557409224730142e-02 1.741903827281648595e-02 6.869479882237487442e-03 2.747791952894994977e-02 9.813542688910696036e-04 6.378802747791952749e-03 1.349362119725220840e-02 0.000000000000000000e+00 3.631010794896957772e-02 3.434739941118743894e-02 3.925417075564278414e-03 0.000000000000000000e+00 0.000000000000000000e+00 1.815505397448478886e-02 8.537782139352306787e-02 1.128557409224730142e-02 0.000000000000000000e+00 6.476938174681060034e-02 5.444062806673208854e-01 5.103042198233562199e-02 0.000000000000000000e+00 0.000000000000000000e+00 4.538763493621197215e-02 1.104023552502453320e-02 1.005888125613346382e-02
2.133712660028449365e-02 4.267425320056899424e-03 1.683262209577999005e-02 2.133712660028449365e-02 4.054054054054054279e-02 1.517306780464675216e-02 1.026552868658131834e-01 0.000000000000000000e+00 1.683262209577999005e-02 3.082029397818871613e-02 1.043148411569464265e-02 0.000000000000000000e+00 0.000000000000000000e+00 7.894736842105262720e-02 2.275960170697012910e-02 2.133712660028449365e-02 0.000000000000000000e+00 4.267425320056898730e-02 0.000000000000000000e+00 5.263157894736841813e-02 0.000000000000000000e+00 0.000000000000000000e+00 2.451398767188240901e-01 2.401612138454243817e-01 1.612138454243717406e-02
1.318826244642268448e-02 1.417738212990438465e-02 2.176063303659742793e-02 8.242664029014176719e-03 1.615562149686778845e-02 9.231783712495878619e-03 3.626772172766237843e-03 0.000000000000000000e+00 2.967359050445103966e-02 6.594131223211342242e-03 2.967359050445103966e-03 0.000000000000000000e+00 0.000000000000000000e+00 2.967359050445103966e-03 6.594131223211342025e-04 9.561490273656445341e-03 0.000000000000000000e+00 6.594131223211342025e-04 0.000000000000000000e+00 6.594131223211342025e-04 0.000000000000000000e+00 0.000000000000000000e+00 0.000000000000000000e+00 8.420705572040884102e-01 1.780415430267062379e-02
4.129145618273665636e-02 2.152426971227761748e-02 9.905556775752251408e-02 1.601142104107182162e-01 1.087195255875247069e-01 2.789369646386997623e-02 3.777728969909949219e-02 0.000000000000000000e+00 3.426312321546233497e-02 5.161432022842082218e-02 5.051614320228420968e-02 0.000000000000000000e+00 0.000000000000000000e+00 9.378431803206677131e-02 6.413353832637820606e-02 2.921150889523391192e-02 0.000000000000000000e+00 1.412255655611684702e-01 0.000000000000000000e+00 2.921150889523391192e-02 0.000000000000000000e+00 0.000000000000000000e+00 0.000000000000000000e+00 0.000000000000000000e+00 9.663957830002196242e-03
3.299120234604105677e-03 6.964809384164222759e-03 3.027859237536656978e-01 0.000000000000000000e+00 2.481671554252199430e-01 3.519061583577712954e-02 7.917888563049853279e-02 0.000000000000000000e+00 4.508797653958944440e-02 2.016129032258064460e-02 1.209677419354838676e-02 0.000000000000000000e+00 0.000000000000000000e+00 7.917888563049853279e-02 6.231671554252199083e-03 1.576246334310850428e-02 0.000000000000000000e+00 1.352639296187683193e-01 0.000000000000000000e+00 4.765395894428152597e-03 0.000000000000000000e+00 0.000000000000000000e+00 0.000000000000000000e+00 0.000000000000000000e+00 5.865102639296187678e-03
4.566371681415928863e-02 7.292035398230088672e-02 0.000000000000000000e+00 0.000000000000000000e+00 7.539823008849556862e-02 7.823008849557522293e-02 6.159292035398230419e-02 0.000000000000000000e+00 4.566371681415928863e-02 9.557522123893805177e-02 3.681415929203539494e-02 0.000000000000000000e+00 0.000000000000000000e+00 1.005309734513274295e-01 8.814159292035397830e-02 6.230088495575221430e-02 0.000000000000000000e+00 9.309734513274335599e-02 0.000000000000000000e+00 4.849557522123893599e-02 0.000000000000000000e+00 0.000000000000000000e+00 0.000000000000000000e+00 0.000000000000000000e+00 9.557522123893805177e-02
3.940455341506129625e-03 4.378283712784588472e-04 0.000000000000000000e+00 0.000000000000000000e+00 1.313485113835376542e-02 5.691768826619965013e-03 1.225919439579684772e-02 0.000000000000000000e+00 4.378283712784588472e-04 5.691768826619965013e-03 4.378283712784588472e-04 0.000000000000000000e+00 0.000000000000000000e+00 0.000000000000000000e+00 2.626970227670753083e-03 1.751313485113835389e-02 0.000000000000000000e+00 9.185639229422066787e-01 0.000000000000000000e+00 1.401050788091068311e-02 0.000000000000000000e+00 0.000000000000000000e+00 0.000000000000000000e+00 0.000000000000000000e+00 5.253940455341506166e-03
5.502751375687843852e-03 1.950975487743871958e-02 1.450725362681340620e-02 2.901450725362681241e-02 1.850925462731365517e-02 6.353176588294147387e-02 2.501250625312656257e-03 1.675837918959479644e-01 3.751875937968984775e-02 2.501250625312656257e-03 5.752876438219109434e-02 4.502251125562781175e-03 6.553276638319159575e-02 4.152076038019009846e-02 3.401700850425212752e-02 1.000500250125062503e-02 1.480740370185092414e-01 4.052026013006503058e-02 1.600800400200099935e-02 2.301150575287643982e-02 3.251625812906452917e-02 1.090545272636318092e-01 2.151075537768884494e-02 2.651325662831415658e-02 9.004502251125562351e-03
1.628106255355612694e-02 1.970865467009426039e-02 1.413881748071979354e-02 8.654670094258783142e-02 2.956298200514138885e-02 1.499571550985432690e-02 1.156812339331619519e-02 0.000000000000000000e+00 3.427592116538132148e-03 1.842330762639245861e-02 1.628106255355612694e-02 1.499571550985432690e-02 1.156812339331619588e-01 3.041988003427592221e-02 1.842330762639245861e-02 1.970865467009426039e-02 2.215081405312767648e-01 1.970865467009426039e-02 2.399314481576692373e-02 6.898029134532990270e-02 1.383890317052270669e-01 5.398457583547557753e-02 2.399314481576692373e-02 1.156812339331619519e-02 7.712082262210796790e-03
1.709062003179650374e-02 1.589825119236883827e-02 4.014308426073132097e-02 1.589825119236884044e-03 5.047694753577106758e-02 1.510333863275039809e-02 8.744038155802861048e-03 0.000000000000000000e+00 2.265500794912559540e-02 2.782193958664546697e-03 1.391096979332273435e-02 1.987281399046104957e-02 1.633545310015898366e-01 3.298887122416534201e-02 3.855325914149443367e-02 6.955484896661366656e-02 0.000000000000000000e+00 2.356915739268680421e-01 2.742448330683624688e-02 5.564387917329093394e-03 1.510333863275039878e-01 1.073131955484896670e-02 4.610492845786963445e-02 4.372019077901430524e-03 6.359300476947536175e-03
2.314814814814814686e-03 4.629629629629629373e-03 4.629629629629629373e-03 3.472222222222222029e-03 1.350308641975308567e-02 8.873456790123456298e-03 5.787037037037036716e-03 0.000000000000000000e+00 4.591049382716049648e-02 1.157407407407407343e-02 1.157407407407407343e-02 2.854938271604938113e-02 6.990740740740740700e-01 1.234567901234567833e-02 2.314814814814814686e-03 2.276234567901234615e-02 0.000000000000000000e+00 0.000000000000000000e+00 2.584876543209876573e-02 6.944444444444444059e-03 2.854938271604938113e-02 1.581790123456790209e-02 2.507716049382716084e-02 6.944444444444444059e-03 1.350308641975308567e-02
1.207032274993440069e-02 6.192600367357648655e-02 4.828129099973760274e-02 6.402519023878247562e-02 1.574389923904487027e-03 2.965101023353450618e-02 5.772763054316452577e-03 0.000000000000000000e+00 9.131461558646024324e-02 2.597743374442403330e-01 1.574389923904487027e-03 5.877722382576751337e-02 0.000000000000000000e+00 8.816583573865127699e-02 8.396746260823930233e-03 1.207032274993440069e-02 0.000000000000000000e+00 0.000000000000000000e+00 3.962214641826292127e-02 2.519023878247179243e-02 7.714510627131986042e-02 3.070060351613749725e-02 9.446339543426921295e-03 2.309105221726581031e-02 5.143007084754657593e-02
1.271328203412512570e-02 1.739712278353964386e-02 6.256273001003680168e-02 5.687520910003345670e-02 2.355302776848444413e-01 4.784208765473402236e-02 2.910672465707594622e-02 0.000000000000000000e+00 2.341920374707260125e-02 0.000000000000000000e+00 3.077952492472398743e-02 1.405152224824355971e-02 0.000000000000000000e+00 3.211776513884242318e-02 7.828705252592840780e-02 2.643024422883907820e-02 0.000000000000000000e+00 0.000000000000000000e+00 4.683840749414519902e-03 6.022080963532953912e-03 1.585814653730344692e-01 8.832385413181666201e-02 5.888256942121111032e-02 1.672800267648042729e-03 1.472064235530277758e-02
5.919348871624121461e-03 1.812800591934887046e-02 2.515723270440251708e-02 7.029226785053644018e-03 0.000000000000000000e+00 1.849796522382537957e-03 1.849796522382537957e-03 0.000000000000000000e+00 7.610062893081761537e-01 0.000000000000000000e+00 2.034776174620791730e-02 4.069552349241583288e-03 0.000000000000000000e+00 2.885682574916759169e-02 1.664816870144284269e-02 2.589715131335552922e-02 0.000000000000000000e+00 0.000000000000000000e+00 1.886792452830188607e-02 1.849796522382537957e-03 7.029226785053644018e-03 1.738808731039585484e-02 1.035886052534221169e-02 1.590825009248982708e-02 1.183869774324824292e-02
1.183431952662721866e-02 1.627218934911242587e-02 1.992110453648915092e-01 1.166173570019723854e-01 0.000000000000000000e+00 3.328402366863905670e-02 2.983234714003944743e-02 0.000000000000000000e+00 0.000000000000000000e+00 0.000000000000000000e+00 1.306706114398422172e-02 2.243589743589743599e-02 0.000000000000000000e+00 2.559171597633135842e-01 4.955621301775148257e-02 1.873767258382642853e-02 0.000000000000000000e+00 0.000000000000000000e+00 6.360946745562130744e-02 9.122287968441814346e-03 7.445759368836292469e-02 7.642998027613412231e-03 1.627218934911242587e-02 3.673570019723865904e-02 2.539447731755424195e-02
6.914718472176490001e-03 4.280540006585445943e-03 5.926901547579848696e-03 3.621995390187685362e-03 0.000000000000000000e+00 6.914718472176490001e-03 7.573263088574250582e-03 0.000000000000000000e+00 0.000000000000000000e+00 0.000000000000000000e+00 6.914718472176490001e-03 2.304906157392163334e-03 0.000000000000000000e+00 0.000000000000000000e+00 8.946328613763582238e-01 7.573263088574250582e-03 0.000000000000000000e+00 0.000000000000000000e+00 7.573263088574250582e-03 6.914718472176490001e-03 1.481725386894962131e-02 8.890352321369773478e-03 6.914718472176490001e-03 6.914718472176490001e-03 1.317089232795521812e-03
1.229073956346683587e-02 1.197287560923924604e-01 8.200890019071836734e-02 1.087094723458359863e-01 0.000000000000000000e+00 5.212968849332485360e-02 3.920322102140284121e-02 0.000000000000000000e+00 0.000000000000000000e+00 0.000000000000000000e+00 5.128205128205128027e-02 2.860775588048315374e-02 0.000000000000000000e+00 0.000000000000000000e+00 0.000000000000000000e+00 8.328035600762873081e-02 0.000000000000000000e+00 0.000000000000000000e+00 1.748251748251748172e-01 5.615596524687433561e-02 3.666030938758211427e-02 1.504556050010595440e-02 4.895104895104895187e-02 4.280567916931553307e-02 4.831532104259377014e-02
3.186968838526912061e-03 5.665722379603399701e-03 1.310198300283286175e-02 8.498583569405099986e-03 0.000000000000000000e+00 3.895184135977336915e-03 6.728045325779036766e-03 0.000000000000000000e+00 0.000000000000000000e+00 0.000000000000000000e+00 4.957507082152974413e-03 6.373937677053824122e-03 0.000000000000000000e+00 0.000000000000000000e+00 0.000000000000000000e+00 7.082152974504249627e-04 0.000000000000000000e+00 0.000000000000000000e+00 0.000000000000000000e+00 9.224504249291785030e-01 3.895184135977336915e-03 6.728045325779036766e-03 1.770538243626062352e-03 7.082152974504249627e-04 1.133144475920679940e-02
3.388357949609035330e-02 1.737619461337967103e-02 1.933101650738488220e-01 7.884448305821024905e-02 0.000000000000000000e+00 6.537793223284101007e-02 1.270634231103388301e-01 0.000000000000000000e+00 0.000000000000000000e+00 0.000000000000000000e+00 1.353171155516941782e-01 4.018245004344048882e-02 0.000000000000000000e+00 0.000000000000000000e+00 0.000000000000000000e+00 7.211120764552562956e-02 0.000000000000000000e+00 0.000000000000000000e+00 0.000000000000000000e+00 0.000000000000000000e+00 6.624674196350999189e-02 3.605560382276281478e-02 3.496959165942658404e-02 3.388357949609035330e-02 6.537793223284101007e-02
1.799930771893388723e-02 6.334371754932502374e-02 0.000000000000000000e+00 8.341986846659743549e-01 0.000000000000000000e+00 6.922810661128418665e-04 1.384562132225683733e-03 0.000000000000000000e+00 0.000000000000000000e+00 0.000000000000000000e+00 1.211491865697473212e-02 4.153686396677050766e-03 0.000000000000000000e+00 0.000000000000000000e+00 0.000000000000000000e+00 2.076843198338525383e-03 0.000000000000000000e+00 0.000000000000000000e+00 0.000000000000000000e+00 0.000000000000000000e+00 4.153686396677050766e-03 5.192107995846313891e-03 2.422983731394946424e-03 5.019037729318102936e-02 2.076843198338525383e-03
1.048935206162211198e-01 8.699592206615315571e-02 0.000000000000000000e+00 0.000000000000000000e+00 0.000000000000000000e+00 5.958314454009968480e-02 7.589487992750339196e-02 0.000000000000000000e+00 0.000000000000000000e+00 0.000000000000000000e+00 6.683280471227910635e-02 1.026280018124150484e-01 0.000000000000000000e+00 0.000000000000000000e+00 0.000000000000000000e+00 7.136384231989124916e-02 0.000000000000000000e+00 0.000000000000000000e+00 0.000000000000000000e+00 0.000000000000000000e+00 8.495695514272769144e-02 8.495695514272769144e-02 9.401903035795197705e-02 8.495695514272769144e-02 8.291798821930221330e-02
0.000000000000000000e+00 2.069805194805194801e-02 0.000000000000000000e+00 0.000000000000000000e+00 0.000000000000000000e+00 5.681818181818181976e-03 1.055194805194805199e-02 0.000000000000000000e+00 0.000000000000000000e+00 0.000000000000000000e+00 1.298701298701298787e-02 1.542207792207792201e-02 0.000000000000000000e+00 0.000000000000000000e+00 0.000000000000000000e+00 3.733766233766233622e-02 0.000000000000000000e+00 0.000000000000000000e+00 0.000000000000000000e+00 0.000000000000000000e+00 1.379870129870129809e-02 6.493506493506493935e-03 2.597402597402597574e-02 4.257305194805194870e-01 4.253246753246753276e-01
1.350675337668834353e-02 5.202601300650325222e-02 1.100550275137568770e-02 2.951475737868934635e-02 6.003001500750375363e-02 1.250625312656328085e-02 9.004502251125562351e-03 1.050525262631315723e-02 4.002001000500250011e-02 2.651325662831415658e-02 2.951475737868934635e-02 9.804902451225612492e-02 1.550775387693846818e-01 5.752876438219109434e-02 1.200600300150075038e-02 1.100550275137568770e-02 6.753376688344171763e-02 9.904952476238118586e-02 2.901450725362681241e-02 1.800900450225112470e-02 7.853926963481740187e-02 3.101550775387693776e-02 2.651325662831415658e-02 2.001000500250125005e-02 2.501250625312656257e-03
5.197055002165439606e-03 8.705067128627111406e-02 3.464703334776959593e-03 6.799480294499783695e-02 2.598527501082719890e-02 6.539627544391511671e-02 1.455175400606323055e-01 1.342572542226071891e-02 5.760069294066695600e-02 1.082719792117799867e-02 3.594629709831095865e-02 1.342572542226071891e-02 0.000000000000000000e+00 2.252057167605023974e-02 6.712862711130360149e-02 9.527934170636638556e-03 2.381983542659159639e-02 1.177999133824166322e-01 4.114335210047639912e-02 2.468601126028583878e-02 7.319185794716327742e-02 4.720658293633607505e-02 1.082719792117799867e-02 1.342572542226071891e-02 1.689042875703767807e-02
1.070663811563169095e-02 2.012847965738757960e-02 5.995717344753747485e-03 4.539614561027837530e-02 9.807280513918630038e-02 1.584582441113490531e-02 0.000000000000000000e+00 3.974304068522483968e-01 2.398286937901498994e-01 1.199143468950749497e-02 2.569593147751605966e-02 5.995717344753747485e-03 0.000000000000000000e+00 2.141327623126338189e-02 6.852248394004282345e-03 2.141327623126338450e-03 2.398286937901498994e-02 1.070663811563169095e-02 1.070663811563169095e-02 2.141327623126338450e-03 1.927194860813704475e-02 1.156316916488222754e-02 6.852248394004282345e-03 1.284796573875802940e-03 5.995717344753747485e-03
6.491288008199521363e-03 4.441407584557567796e-03 5.637171165015374130e-02 1.086436624530235789e-01 2.562350529552442913e-02 2.425691834642978995e-02 0.000000000000000000e+00 0.000000000000000000e+00 6.491288008199521363e-03 7.072087461564742494e-02 1.844892381277758731e-02 9.224461906388793653e-03 0.000000000000000000e+00 5.637171165015374130e-02 1.229928254185172487e-02 4.441407584557567796e-03 1.448582166040314201e-01 2.476938845234027964e-01 2.903997266826101667e-02 2.084045097369320240e-02 4.783054321831226724e-02 5.739665186197472069e-02 1.844892381277758731e-02 2.084045097369320240e-02 9.224461906388793653e-03
5.504587155963303058e-03 5.504587155963303058e-03 2.165137614678899064e-02 3.045871559633027414e-02 2.018348623853211121e-02 7.339449541284403643e-04 0.000000000000000000e+00 0.000000000000000000e+00 4.954128440366972752e-02 1.064220183486238452e-02 2.568807339449541167e-03 3.889908256880733606e-02 0.000000000000000000e+00 8.366972477064220370e-02 9.541284403669724953e-03 2.348623853211009166e-02 4.506422018348623659e-01 0.000000000000000000e+00 1.944954128440366803e-02 1.174311926605504583e-02 1.544954128440367003e-01 3.155963302752293892e-02 1.944954128440366803e-02 9.541284403669724953e-03 7.339449541284403643e-04
3.005887821506042848e-02 5.268050821196157418e-02 9.978308026030369149e-02 1.202355128602417139e-01 4.276417725441586382e-02 2.881933684536721468e-02 0.000000000000000000e+00 0.000000000000000000e+00 5.732878834831112158e-02 1.121784939572358225e-01 2.603036876355748278e-02 2.200185931205454054e-02 0.000000000000000000e+00 5.392004958165478451e-02 3.005887821506042848e-02 4.772234273318871900e-02 0.000000000000000000e+00 0.000000000000000000e+00 4.648280136349550867e-02 9.916330957545708633e-03 6.321660985435388624e-02 6.693523396343352416e-02 2.881933684536721468e-02 8.366904245429190520e-03 5.268050821196157418e-02
1.550062840385421116e-02 9.216589861751152066e-03 7.360703812316715666e-01 0.000000000000000000e+00 5.236698785085881769e-02 5.865102639296187678e-03 0.000000000000000000e+00 0.000000000000000000e+00 5.446166736489317130e-03 1.508169250104733974e-02 7.121910347716799324e-03 3.770423125261834936e-03 0.000000000000000000e+00 4.189359028068705484e-03 8.797653958944282385e-03 3.770423125261834936e-03 0.000000000000000000e+00 0.000000000000000000e+00 4.189359028068705484e-03 3.770423125261834936e-03 6.074570590699623213e-02 5.781315458734813395e-02 8.378718056137410969e-04 2.513615416841223291e-03 2.932551319648093839e-03
3.194888178913737886e-02 7.614483493077742193e-02 0.000000000000000000e+00 0.000000000000000000e+00 5.724174653887113828e-02 2.422790202342918128e-02 0.000000000000000000e+00 0.000000000000000000e+00 4.845580404685836257e-02 7.641107561235356560e-02 5.724174653887113828e-02 5.085197018104366251e-02 0.000000000000000000e+00 7.614483493077742193e-02 5.298189563365281879e-02 3.461128860489882941e-02 0.000000000000000000e+00 0.000000000000000000e+00 4.392971246006389940e-02 1.837060702875399285e-02 1.352502662406815659e-01 1.139510117145899892e-01 4.845580404685836257e-02 2.689030883919062836e-02 2.689030883919062836e-02
7.575757575757575968e-03 1.116427432216905886e-02 0.000000000000000000e+00 0.000000000000000000e+00 9.569377990430621636e-03 8.373205741626794582e-03 0.000000000000000000e+00 0.000000000000000000e+00 1.156299840510366904e-02 7.575757575757575968e-03 3.987240829346092529e-04 3.987240829346092204e-03 0.000000000000000000e+00 9.968102073365231811e-03 5.582137161084529432e-03 9.170653907496013196e-03 0.000000000000000000e+00 0.000000000000000000e+00 1.754385964912280604e-02 2.392344497607655409e-03 0.000000000000000000e+00 8.807814992025518874e-01 7.575757575757575968e-03 6.379585326953748046e-03 3.987240829346092529e-04
4.252126063031515940e-02 3.351675837918959705e-02 1.150575287643821991e-02 2.351175587793897029e-02 1.800900450225112470e-02 2.501250625312656257e-03 6.303151575787893646e-02 5.452726363181590458e-02 2.051025512756378053e-02 2.101050525262631447e-02 6.803401700850425504e-02 4.252126063031515940e-02 7.603801900950475645e-02 1.365682841420710336e-01 3.751875937968984775e-02 3.301650825412706658e-02 1.165582791395697870e-01 5.202601300650325222e-02 1.800900450225112470e-02 1.450725362681340620e-02 9.004502251125562351e-03 1.150575287643821991e-02 4.052026013006503058e-02 5.102551275637819128e-02 2.501250625312656257e-03
7.042253521126760722e-03 1.276408450704225317e-01 9.683098591549295017e-03 2.904929577464788679e-02 9.815140845070421949e-02 9.683098591549295017e-03 5.985915492957746137e-02 1.100352112676056260e-02 2.341549295774647821e-01 1.320422535211267581e-02 1.188380281690140823e-02 1.109154929577464838e-01 4.401408450704225560e-03 0.000000000000000000e+00 6.161971830985915090e-03 1.100352112676056260e-02 7.130281690140845285e-02 4.401408450704225560e-03 1.188380281690140823e-02 8.362676056338027436e-03 3.785211267605633617e-02 8.406690140845070325e-02 7.042253521126760722e-03 2.156690140845070325e-02 9.683098591549295017e-03
6.716712761754247037e-03 1.505333860134334123e-01 9.877518767285658682e-03 4.346108257605689820e-03 8.455156064796523485e-02 1.580403002765705172e-03 6.045041485578822593e-02 1.015408929276965661e-01 0.000000000000000000e+00 1.849071513235875097e-01 3.595416831291979587e-02 5.610430659818253785e-02 1.382852627419992042e-02 0.000000000000000000e+00 9.877518767285658682e-03 2.923745555116554623e-02 1.220861319636507292e-01 6.716712761754247037e-03 1.027261951797708329e-02 9.877518767285658682e-03 5.412880284472540438e-02 3.042275780323982701e-02 4.346108257605689820e-03 2.370604504148558084e-03 1.027261951797708329e-02
3.648155654641264522e-03 6.080259424402107392e-03 2.553708958248885122e-02 1.621402513173895304e-02 6.712606404539926963e-01 1.094446696392379487e-02 2.553708958248885122e-02 1.783542764491284974e-02 0.000000000000000000e+00 0.000000000000000000e+00 1.621402513173895304e-02 3.364410214835832774e-02 1.621402513173895304e-02 0.000000000000000000e+00 6.890960680989055738e-03 4.864207539521686607e-03 9.728415079043373215e-03 2.796919335224969452e-02 2.715849209566274791e-02 8.107012565869476522e-03 3.040129712201053783e-02 2.026753141467369131e-03 2.634779083907580130e-02 3.648155654641264522e-03 9.728415079043373215e-03
8.207934336525307684e-03 6.621067031463748198e-02 1.422708618331053332e-02 4.897400820793433585e-02 0.000000000000000000e+00 2.489740082079343331e-02 9.028727770177838452e-02 2.383036935704514470e-01 0.000000000000000000e+00 0.000000000000000000e+00 1.860465116279069742e-02 2.407660738714090254e-02 2.024623803009575895e-01 0.000000000000000000e+00 9.575923392612858964e-03 1.860465116279069742e-02 8.426812585499315889e-02 7.660738714090287171e-03 1.422708618331053332e-02 1.367989056087551281e-02 5.636114911080711276e-02 7.660738714090287171e-03 7.660738714090287171e-03 2.298221614227086151e-02 2.106703146374828972e-02
1.045296167247386759e-03 2.090592334494773517e-03 1.811846689895470555e-02 1.986062717770034972e-02 0.000000000000000000e+00 2.160278745644599388e-02 5.923344947735192066e-03 0.000000000000000000e+00 0.000000000000000000e+00 0.000000000000000000e+00 6.968641114982578391e-03 6.968641114982578391e-03 7.742160278745644497e-01 0.000000000000000000e+00 8.362369337979094069e-03 2.160278745644599388e-02 4.494773519163763192e-02 2.787456445993031356e-03 1.707317073170731836e-02 5.923344947735192066e-03 6.968641114982578391e-03 1.881533101045296252e-02 6.271777003484320552e-03 8.362369337979094069e-03 2.090592334494773517e-03
2.677090736792229336e-02 4.951433309642264829e-02 6.207059938403221983e-02 1.082681828950485675e-01 0.000000000000000000e+00 4.003790570954750272e-02 5.235726131248519266e-02 0.000000000000000000e+00 0.000000000000000000e+00 0.000000000000000000e+00 5.875384979862591922e-02 7.344231224828240423e-02 0.000000000000000000e+00 0.000000000000000000e+00 1.184553423359393544e-02 2.238805970149253810e-01 3.435204927742241399e-02 1.018715944089078340e-02 4.501303008765695536e-03 2.914001421464108149e-02 9.405354181473583874e-02 3.056147832267235367e-02 1.753139066571902244e-02 4.074863776356313361e-02 3.198294243070362586e-02
1.019021739130434754e-03 4.076086956521739017e-03 1.222826086956521792e-02 1.630434782608695607e-02 0.000000000000000000e+00 1.019021739130434754e-03 1.562500000000000000e-02 0.000000000000000000e+00 0.000000000000000000e+00 0.000000000000000000e+00 9.510869565217391908e-03 4.140625000000000000e-01 0.000000000000000000e+00 0.000000000000000000e+00 9.510869565217391908e-03 0.000000000000000000e+00 6.046195652173912832e-02 8.831521739130434104e-03 4.076086956521739017e-03 8.491847826086956069e-03 3.923233695652174058e-01 2.207880434782608786e-02 1.222826086956521792e-02 2.038043478260869509e-03 6.114130434782608960e-03
2.144188937228092007e-02 2.268489745183343773e-02 9.944064636420136064e-03 2.268489745183343773e-02 0.000000000000000000e+00 1.367308887507768730e-02 2.579241765071473014e-02 0.000000000000000000e+00 0.000000000000000000e+00 0.000000000000000000e+00 7.513983840894965516e-01 0.000000000000000000e+00 0.000000000000000000e+00 0.000000000000000000e+00 1.709136109384711000e-02 0.000000000000000000e+00 7.458048477315102481e-03 2.299564947172156454e-02 8.701056556867620140e-03 1.118707271597265372e-02 1.243008079552517138e-02 2.144188937228092007e-02 9.944064636420136064e-03 9.944064636420136064e-03 1.118707271597265372e-02
7.241457343290336884e-03 7.694048427245983590e-03 6.788866259334690829e-04 6.562570717356867693e-03 0.000000000000000000e+00 1.742475673229237215e-02 9.323376329486308955e-02 0.000000000000000000e+00 0.000000000000000000e+00 0.000000000000000000e+00 0.000000000000000000e+00 0.000000000000000000e+00 0.000000000000000000e+00 0.000000000000000000e+00 1.357773251866938166e-03 0.000000000000000000e+00 2.127178094591536395e-02 9.504412763068566944e-03 1.312514143471373539e-02 1.289884589273591377e-02 7.580900656257071324e-01 6.788866259334690829e-04 7.920343969223806943e-03 2.059289431998189562e-02 2.172437202987101065e-02
2.373831775700934593e-02 2.149532710280373932e-02 2.224299065420560703e-02 2.467289719626168318e-02 0.000000000000000000e+00 2.074766355140186813e-02 2.299065420560747822e-02 0.000000000000000000e+00 0.000000000000000000e+00 0.000000000000000000e+00 0.000000000000000000e+00 0.000000000000000000e+00 0.000000000000000000e+00 0.000000000000000000e+00 2.467289719626168318e-02 0.000000000000000000e+00 7.061682242990654501e-01 1.906542056074766317e-02 1.495327102803738380e-02 1.663551401869159049e-02 0.000000000000000000e+00 2.149532710280373932e-02 2.224299065420560703e-02 1.663551401869159049e-02 2.224299065420560703e-02
1.328960994131860550e-02 8.802209181912323821e-03 2.416292716603382976e-03 5.177770107007248924e-04 0.000000000000000000e+00 3.003106662064204332e-02 1.898515705902657780e-02 0.000000000000000000e+00 0.000000000000000000e+00 0.000000000000000000e+00 0.000000000000000000e+00 0.000000000000000000e+00 0.000000000000000000e+00 0.000000000000000000e+00 3.279254401104591057e-03 0.000000000000000000e+00 0.000000000000000000e+00 5.695547117707974033e-03 1.035554021401449698e-02 3.969623748705557870e-03 0.000000000000000000e+00 8.923023817742492536e-01 4.314808422506040408e-03 2.761477390403865948e-03 3.279254401104591057e-03
1.855209931650160515e-02 1.408843632305760950e-02 1.604128888268935640e-02 1.659924675686985651e-02 0.000000000000000000e+00 1.729669409959547904e-02 1.659924675686985651e-02 0.000000000000000000e+00 0.000000000000000000e+00 0.000000000000000000e+00 0.000000000000000000e+00 0.000000000000000000e+00 0.000000000000000000e+00 0.000000000000000000e+00 1.464639419723810787e-02 0.000000000000000000e+00 0.000000000000000000e+00 8.222904170735109153e-01 9.206304923978239629e-03 1.199609429488073670e-02 0.000000000000000000e+00 0.000000000000000000e+00 1.464639419723810787e-02 1.269354163760636096e-02 1.534384153996373214e-02
4.433747149733975254e-03 1.558145426906511199e-02 1.279452748923232824e-02 2.115530782873068297e-02 0.000000000000000000e+00 9.754243729414744865e-03 7.803394983531795892e-02 0.000000000000000000e+00 0.000000000000000000e+00 0.000000000000000000e+00 0.000000000000000000e+00 0.000000000000000000e+00 0.000000000000000000e+00 0.000000000000000000e+00 3.420319229794780650e-03 0.000000000000000000e+00 0.000000000000000000e+00 0.000000000000000000e+00 2.381555611857106777e-02 2.685583987838864942e-02 0.000000000000000000e+00 0.000000000000000000e+00 7.695718267038257343e-01 1.963516594882188868e-02 1.494806181910311553e-02
5.325736933366360948e-03 7.183552142680208093e-03 4.706465196928411900e-03 2.650483031954421753e-02 0.000000000000000000e+00 3.876641070101560782e-02 4.012880852117909486e-02 0.000000000000000000e+00 0.000000000000000000e+00 0.000000000000000000e+00 0.000000000000000000e+00 0.000000000000000000e+00 0.000000000000000000e+00 0.000000000000000000e+00 8.298241268268516380e-03 0.000000000000000000e+00 0.000000000000000000e+00 0.000000000000000000e+00 4.607381719098340572e-02 7.666584097101808437e-01 0.000000000000000000e+00 0.000000000000000000e+00 0.000000000000000000e+00 2.836264552885806381e-02 2.799108248699529525e-02
9.121992917328122785e-02 4.274026132616925294e-02 2.232262791549639858e-01 1.770667969227011918e-01 0.000000000000000000e+00 8.731224813774575433e-02 1.370130663084625777e-01 0.000000000000000000e+00 0.000000000000000000e+00 0.000000000000000000e+00 0.000000000000000000e+00 0.000000000000000000e+00 0.000000000000000000e+00 0.000000000000000000e+00 6.630846257174258240e-02 0.000000000000000000e+00 0.000000000000000000e+00 0.000000000000000000e+00 6.655269263646354516e-02 0.000000000000000000e+00 0.000000000000000000e+00 0.000000000000000000e+00 0.000000000000000000e+00 4.750274758822811000e-02 6.105751618024178595e-02
1.201985889730859680e-02 1.567807682257642971e-02 0.000000000000000000e+00 2.482362163574601543e-02 0.000000000000000000e+00 1.567807682257642971e-02 7.786778155212960018e-01 0.000000000000000000e+00 0.000000000000000000e+00 0.000000000000000000e+00 0.000000000000000000e+00 0.000000000000000000e+00 0.000000000000000000e+00 0.000000000000000000e+00 1.071335249542722766e-02 0.000000000000000000e+00 0.000000000000000000e+00 0.000000000000000000e+00 1.128821531225503022e-01 0.000000000000000000e+00 0.000000000000000000e+00 0.000000000000000000e+00 0.000000000000000000e+00 2.273321139273582273e-02 6.793833289783120233e-03
9.600321349668608506e-02 5.442860012050612650e-02 0.000000000000000000e+00 1.701144808194416658e-01 0.000000000000000000e+00 7.993573006627836819e-02 0.000000000000000000e+00 0.000000000000000000e+00 0.000000000000000000e+00 0.000000000000000000e+00 0.000000000000000000e+00 0.000000000000000000e+00 0.000000000000000000e+00 0.000000000000000000e+00 2.014460735087366949e-01 0.000000000000000000e+00 0.000000000000000000e+00 0.000000000000000000e+00 1.337617995581442121e-01 0.000000000000000000e+00 0.000000000000000000e+00 0.000000000000000000e+00 0.000000000000000000e+00 1.245229965856597676e-01 1.397871058445470938e-01
2.997002997002997000e-03 9.990009990009990001e-04 0.000000000000000000e+00 4.329004329004329001e-03 0.000000000000000000e+00 1.998001998001998000e-03 0.000000000000000000e+00 0.000000000000000000e+00 0.000000000000000000e+00 0.000000000000000000e+00 0.000000000000000000e+00 0.000000000000000000e+00 0.000000000000000000e+00 0.000000000000000000e+00 0.000000000000000000e+00 0.000000000000000000e+00 0.000000000000000000e+00 0.000000000000000000e+00 9.836829836829836804e-01 0.000000000000000000e+00 0.000000000000000000e+00 0.000000000000000000e+00 0.000000000000000000e+00 2.997002997002997000e-03 2.997002997002997000e-03
1.622930964876867221e-01 2.131610819539765944e-01 0.000000000000000000e+00 2.176019378280177607e-01 0.000000000000000000e+00 1.526039563988695891e-01 0.000000000000000000e+00 0.000000000000000000e+00 0.000000000000000000e+00 0.000000000000000000e+00 0.000000000000000000e+00 0.000000000000000000e+00 0.000000000000000000e+00 0.000000000000000000e+00 0.000000000000000000e+00 0.000000000000000000e+00 0.000000000000000000e+00 0.000000000000000000e+00 0.000000000000000000e+00 0.000000000000000000e+00 0.000000000000000000e+00 0.000000000000000000e+00 0.000000000000000000e+00 1.219216794509487278e-01 1.324182478805006058e-01
9.944769330734243296e-01 3.248862897985704823e-04 0.000000000000000000e+00 0.000000000000000000e+00 0.000000000000000000e+00 3.248862897985704823e-04 0.000000000000000000e+00 0.000000000000000000e+00 0.000000000000000000e+00 0.000000000000000000e+00 0.000000000000000000e+00 0.000000000000000000e+00 0.000000000000000000e+00 0.000000000000000000e+00 0.000000000000000000e+00 0.000000000000000000e+00 0.000000000000000000e+00 0.000000000000000000e+00 0.000000000000000000e+00 0.000000000000000000e+00 0.000000000000000000e+00 0.000000000000000000e+00 0.000000000000000000e+00 3.248862897985704823e-04 4.548408057179986752e-03
0.000000000000000000e+00 2.373517786561264720e-01 0.000000000000000000e+00 0.000000000000000000e+00 0.000000000000000000e+00 2.373517786561264720e-01 0.000000000000000000e+00 0.000000000000000000e+00 0.000000000000000000e+00 0.000000000000000000e+00 0.000000000000000000e+00 0.000000000000000000e+00 0.000000000000000000e+00 0.000000000000000000e+00 0.000000000000000000e+00 0.000000000000000000e+00 0.000000000000000000e+00 0.000000000000000000e+00 0.000000000000000000e+00 0.000000000000000000e+00 0.000000000000000000e+00 0.000000000000000000e+00 0.000000000000000000e+00 2.460474308300395208e-01 2.792490118577075076e-01
0.000000000000000000e+00 1.465416178194607275e-03 0.000000000000000000e+00 0.000000000000000000e+00 0.000000000000000000e+00 1.465416178194607275e-03 0.000000000000000000e+00 0.000000000000000000e+00 0.000000000000000000e+00 0.000000000000000000e+00 0.000000000000000000e+00 0.000000000000000000e+00 0.000000000000000000e+00 0.000000000000000000e+00 0.000000000000000000e+00 0.000000000000000000e+00 0.000000000000000000e+00 0.000000000000000000e+00 0.000000000000000000e+00 0.000000000000000000e+00 0.000000000000000000e+00 0.000000000000000000e+00 0.000000000000000000e+00 9.970691676436107542e-01 0.000000000000000000e+00
0.000000000000000000e+00 5.000000000000000000e-01 0.000000000000000000e+00 0.000000000000000000e+00 0.000000000000000000e+00 5.000000000000000000e-01 0.000000000000000000e+00 0.000000000000000000e+00 0.000000000000000000e+00 0.000000000000000000e+00 0.000000000000000000e+00 0.000000000000000000e+00 0.000000000000000000e+00 0.000000000000000000e+00 0.000000000000000000e+00 0.000000000000000000e+00 0.000000000000000000e+00 0.000000000000000000e+00 0.000000000000000000e+00 0.000000000000000000e+00 0.000000000000000000e+00 0.000000000000000000e+00 0.000000000000000000e+00 0.000000000000000000e+00 0.000000000000000000e+00
0.000000000000000000e+00 0.000000000000000000e+00 0.000000000000000000e+00 0.000000000000000000e+00 0.000000000000000000e+00 1.000000000000000000e+00 0.000000000000000000e+00 0.000000000000000000e+00 0.000000000000000000e+00 0.000000000000000000e+00 0.000000000000000000e+00 0.000000000000000000e+00 0.000000000000000000e+00 0.000000000000000000e+00 0.000000000000000000e+00 0.000000000000000000e+00 0.000000000000000000e+00 0.000000000000000000e+00 0.000000000000000000e+00 0.000000000000000000e+00 0.000000000000000000e+00 0.000000000000000000e+00 0.000000000000000000e+00 0.000000000000000000e+00 0.000000000000000000e+00
5.502751375687843852e-03 1.500750375187593797e-03 2.151075537768884494e-02 1.150575287643821991e-02 9.004502251125562351e-03 3.651825912956477987e-02 1.500750375187593797e-03 1.900950475237618911e-02 2.001000500250125005e-02 1.095547773886943466e-01 3.001500750375187682e-02 1.200600300150075038e-02 1.790895447723862000e-01 2.251125562781390588e-02 1.700850425212606376e-02 7.503751875937969204e-03 2.301150575287643774e-01 1.450725362681340620e-02 3.501750875437718933e-03 2.251125562781390588e-02 6.103051525762881457e-02 7.503751875937969551e-02 4.452226113056528128e-02 1.200600300150075038e-02 3.301650825412706658e-02
2.155347702318015368e-02 1.098007320048800285e-02 4.229361529076860332e-02 1.098007320048800285e-02 3.660024400162667762e-03 9.760065067100446787e-03 7.076047173647824484e-02 1.793411956079707104e-01 6.791378609190727722e-02 1.175274501830012169e-01 5.286701911346075415e-03 1.390809272061813706e-01 2.602684017893452592e-02 4.839365595770638712e-02 8.133387555917038700e-03 2.724684831232208199e-02 0.000000000000000000e+00 1.464009760065067105e-02 3.660024400162667762e-03 4.026026840178934668e-02 4.310695404636030736e-02 3.660024400162667762e-03 3.660024400162667762e-03 7.808052053680357429e-02 2.399349328995526581e-02
2.418032786885246019e-02 2.581967213114754259e-02 2.581967213114754259e-02 8.278688524590163689e-02 5.327868852459016064e-03 1.639344262295082053e-02 2.147540983606557319e-01 0.000000000000000000e+00 1.262295081967213239e-01 3.073770491803278632e-02 4.303278688524590084e-02 9.672131147540984075e-02 2.540983606557377025e-02 4.631147540983606564e-02 8.606557377049180863e-03 4.221311475409836311e-02 0.000000000000000000e+00 4.057377049180328071e-02 1.516393442622950873e-02 1.762295081967213059e-02 3.893442622950819831e-02 9.426229508196722062e-03 3.934426229508197065e-02 1.024590163934426153e-02 1.434426229508196753e-02
3.567181926278240305e-03 6.341656757827982861e-03 2.615933412604042746e-02 1.030519223147047247e-02 6.341656757827982861e-03 2.933016250495441846e-02 0.000000000000000000e+00 0.000000000000000000e+00 3.448275862068965469e-02 5.152596115735236237e-03 3.210463733650416318e-02 6.916369401506143877e-01 2.615933412604042746e-02 6.341656757827982861e-03 1.387237415774871148e-02 1.149425287356321823e-02 0.000000000000000000e+00 1.506143479984145897e-02 3.567181926278240305e-03 2.378121284185493595e-02 6.341656757827982861e-03 7.927070947284977492e-03 1.942132382084819572e-02 7.927070947284977492e-03 1.268331351565596572e-02
4.834401709401709574e-02 5.956196581196580853e-02 8.012820512820512109e-03 4.006410256410256748e-02 8.894230769230769551e-02 1.682692307692307612e-02 0.000000000000000000e+00 0.000000000000000000e+00 1.826923076923076816e-01 7.905982905982905651e-02 1.175213675213675202e-02 0.000000000000000000e+00 7.719017094017094349e-02 1.335470085470085496e-03 5.261752136752136794e-02 1.391559829059829112e-01 0.000000000000000000e+00 6.543803418803419147e-02 3.178418803418803229e-02 1.068376068376068397e-02 2.590811965811965975e-02 6.944444444444444059e-03 4.139957264957264821e-02 5.876068376068376009e-03 6.410256410256410034e-03
