1.515772224498156476e-02 4.055714870954527096e-02 7.783695206882425451e-03 3.564113068414584418e-02 9.012699713232281279e-03 6.636624334289226157e-02 9.053666530110610067e-02 2.126177795985252084e-01 1.048750512085211001e-01 6.554690700532568755e-03 9.012699713232281279e-03 8.971732896353953879e-02 7.824662023760753371e-02 1.310938140106513751e-02 1.147070872593199467e-02 1.843506759524785044e-02 0.000000000000000000e+00 1.966407210159770713e-02 3.564113068414584418e-02 4.916018025399426783e-03 5.079885292912740546e-02 2.826710364604670053e-02 1.147070872593199467e-02 1.515772224498156476e-02 2.498975829578041832e-02
1.826846703733121455e-02 3.613979348689436155e-02 6.751389992057188136e-03 2.382843526608419572e-03 3.733121525019857112e-02 3.335980937251786793e-02 3.792692613185067452e-01 0.000000000000000000e+00 1.036536934074662464e-01 4.765687053216838970e-02 4.249404289118347694e-02 5.639396346306592422e-02 4.130262112787926737e-02 4.368546465448768651e-02 6.751389992057188136e-03 2.541699761715647196e-02 0.000000000000000000e+00 1.469420174741858584e-02 7.545671167593328427e-03 2.382843526608419572e-03 3.018268467037331371e-02 3.375694996028594241e-02 2.382843526608419572e-03 3.971405877680698852e-03 2.422557585385226239e-02
8.463100880162490944e-03 3.385240352064996378e-02 1.997291807718348106e-02 1.591062965470548332e-02 7.278266756939742732e-02 1.895734597156398249e-02 0.000000000000000000e+00 0.000000000000000000e+00 8.463100880162490944e-03 2.369668246445497464e-02 8.463100880162490944e-03 4.475287745429925579e-01 5.551794177386594475e-02 6.161137440758293615e-02 2.843601895734597026e-02 2.268111035883547608e-02 0.000000000000000000e+00 4.536222071767095215e-02 1.997291807718348106e-02 2.268111035883547608e-02 8.463100880162490944e-03 1.692620176032498189e-02 3.859174001354095940e-02 4.739336492890995622e-03 1.692620176032498189e-02
6.620523623232019497e-03 9.027986758952753071e-03 9.930785434848028378e-03 3.821847727956665525e-02 1.209750225699668946e-01 2.919049052061390218e-02 0.000000000000000000e+00 0.000000000000000000e+00 2.133614204032500683e-01 2.888955762864880983e-02 1.263918146253385430e-02 0.000000000000000000e+00 2.256996689738188441e-02 2.828769184471862860e-02 7.222389407162202457e-03 2.952151670177550202e-01 0.000000000000000000e+00 2.828769184471862860e-02 2.166716822148660737e-02 1.805597351790550614e-02 5.627445079747216139e-02 4.213060487511285056e-03 2.588022870899789329e-02 1.745410773397532492e-02 6.018657839301835670e-03
1.174496644295302053e-02 2.114093959731543765e-02 7.986577181208054377e-02 3.456375838926174782e-02 3.221476510067114440e-02 9.060402684563758496e-03 0.000000000000000000e+00 0.000000000000000000e+00 3.456375838926174782e-02 1.845637583892617561e-02 4.533557046979865834e-01 0.000000000000000000e+00 3.859060402684563740e-02 6.040268456375838708e-03 2.348993288590603846e-03 0.000000000000000000e+00 0.000000000000000000e+00 9.060402684563758496e-03 3.053691275167785130e-02 2.986577181208053752e-02 9.060402684563758496e-03 1.053691275167785296e-01 1.677852348993288598e-02 3.691275167785234863e-03 5.369127516778523374e-02
5.373134328358208575e-03 6.567164179104477244e-03 6.567164179104477244e-03 1.014925373134328325e-02 3.402985074626865836e-02 5.970149253731343343e-03 0.000000000000000000e+00 0.000000000000000000e+00 8.161194029850746823e-01 8.358208955223879813e-03 0.000000000000000000e+00 0.000000000000000000e+00 3.492537313432835661e-02 6.567164179104477244e-03 6.567164179104477244e-03 0.000000000000000000e+00 0.000000000000000000e+00 8.358208955223879813e-03 4.477611940298507724e-03 4.477611940298507724e-03 2.388059701492537337e-03 3.880597014925372956e-03 2.149253731343283430e-02 2.388059701492537337e-03 1.134328358208955279e-02
3.253062948880439120e-02 6.548373468525560057e-03 4.457118715673848847e-02 3.886776510350654912e-02 3.844528939585974137e-02 2.175749894381073107e-02 0.000000000000000000e+00 0.000000000000000000e+00 0.000000000000000000e+00 6.801858893113646443e-02 0.000000000000000000e+00 0.000000000000000000e+00 1.928601605407689046e-01 4.520490071820870009e-02 5.956907477820025387e-02 0.000000000000000000e+00 0.000000000000000000e+00 7.287705956907478133e-02 9.062103929024081794e-02 3.210815378115758345e-02 1.320236586396282275e-01 1.005492184199408556e-01 5.280946345585128994e-03 7.815800591465990252e-03 1.035065483734685238e-02
6.520247083047357901e-03 5.147563486616334866e-03 2.402196293754289662e-03 1.441317776252573797e-02 2.402196293754289662e-03 5.833905284831845950e-03 0.000000000000000000e+00 0.000000000000000000e+00 0.000000000000000000e+00 3.774879890185312264e-03 0.000000000000000000e+00 0.000000000000000000e+00 0.000000000000000000e+00 8.256691832532601083e-01 1.098146877144818082e-02 0.000000000000000000e+00 0.000000000000000000e+00 7.481125600549073940e-02 7.206588881262868986e-03 1.338366506520247134e-02 1.372683596431022602e-03 7.892930679478380937e-03 3.088538091969800746e-03 9.265614275909403105e-03 5.833905284831845950e-03
7.128263337116912124e-02 1.475595913734392695e-02 4.994324631101021775e-03 6.946651532349602809e-02 9.443813847900113523e-02 5.766174801362088792e-02 0.000000000000000000e+00 0.000000000000000000e+00 0.000000000000000000e+00 1.339387060158910361e-02 0.000000000000000000e+00 0.000000000000000000e+00 0.000000000000000000e+00 0.000000000000000000e+00 5.902383654937570778e-02 0.000000000000000000e+00 0.000000000000000000e+00 1.945516458569807039e-01 7.514188422247446153e-02 3.654937570942111413e-02 1.482406356413166759e-01 1.339387060158910361e-02 6.174801362088535445e-02 1.021566401816118019e-02 7.514188422247446153e-02
1.470588235294117627e-02 1.050420168067226845e-03 7.002801120448179546e-03 6.302521008403361505e-03 2.626050420168067265e-02 5.252100840336134877e-03 0.000000000000000000e+00 0.000000000000000000e+00 0.000000000000000000e+00 9.103641456582633670e-03 0.000000000000000000e+00 0.000000000000000000e+00 0.000000000000000000e+00 0.000000000000000000e+00 5.252100840336134877e-03 0.000000000000000000e+00 0.000000000000000000e+00 0.000000000000000000e+00 8.984593837535014282e-01 1.365546218487394964e-02 1.750700280112044887e-03 1.750700280112044887e-03 2.450980392156862711e-03 3.851540616246498794e-03 3.151260504201680752e-03
4.293537787513691112e-02 7.623220153340634631e-02 1.082146768893756800e-01 5.104052573932092024e-02 5.564074479737130680e-02 9.178532311062431726e-02 0.000000000000000000e+00 0.000000000000000000e+00 0.000000000000000000e+00 1.423877327491785381e-02 0.000000000000000000e+00 0.000000000000000000e+00 0.000000000000000000e+00 0.000000000000000000e+00 7.535596933187294066e-02 0.000000000000000000e+00 0.000000000000000000e+00 0.000000000000000000e+00 0.000000000000000000e+00 1.117196056955093164e-01 7.447973713033953502e-02 1.949616648411829287e-02 8.499452354874041660e-02 1.031763417305586045e-01 9.069003285870755326e-02
8.366533864541832871e-03 6.374501992031872746e-03 8.764940239043825243e-03 2.390438247011952063e-03 1.434262948207171325e-02 2.788844621513944435e-03 0.000000000000000000e+00 0.000000000000000000e+00 0.000000000000000000e+00 6.772908366533864251e-03 0.000000000000000000e+00 0.000000000000000000e+00 0.000000000000000000e+00 0.000000000000000000e+00 3.984063745019920250e-03 0.000000000000000000e+00 0.000000000000000000e+00 0.000000000000000000e+00 0.000000000000000000e+00 0.000000000000000000e+00 2.151394422310757074e-02 7.171314741035856623e-03 7.968127490039840933e-04 9.043824701195218863e-01 1.235059760956175312e-02
9.416725228390723790e-02 7.659873506676036226e-02 8.550011712344811332e-02 6.277816818927149656e-02 7.659873506676036226e-02 6.746310611384398470e-02 0.000000000000000000e+00 0.000000000000000000e+00 0.000000000000000000e+00 8.550011712344811332e-02 0.000000000000000000e+00 0.000000000000000000e+00 0.000000000000000000e+00 0.000000000000000000e+00 9.627547434996486242e-02 0.000000000000000000e+00 0.000000000000000000e+00 0.000000000000000000e+00 0.000000000000000000e+00 0.000000000000000000e+00 8.104942609510423779e-02 8.995080815179198885e-02 8.760833918950573784e-02 0.000000000000000000e+00 9.650972124619348891e-02
2.483443708609271629e-03 2.152317880794701876e-02 1.324503311258278145e-02 4.387417218543046560e-01 4.387417218543046560e-01 1.986754966887417304e-02 0.000000000000000000e+00 0.000000000000000000e+00 0.000000000000000000e+00 1.034768211920529882e-02 0.000000000000000000e+00 0.000000000000000000e+00 0.000000000000000000e+00 0.000000000000000000e+00 4.139072847682119202e-04 0.000000000000000000e+00 0.000000000000000000e+00 0.000000000000000000e+00 0.000000000000000000e+00 0.000000000000000000e+00 1.531456953642384121e-02 2.897350993377483322e-02 1.034768211920529882e-02 0.000000000000000000e+00 0.000000000000000000e+00
3.551775887943971893e-02 2.801400700350175146e-02 1.250625312656328085e-02 7.903951975987993928e-02 2.401200600300150076e-02 5.202601300650325222e-02 5.502751375687843852e-03 6.503251625812905834e-02 5.002501250625312514e-03 4.402201100550275081e-02 5.852926463231615528e-02 2.551275637818909564e-02 9.004502251125562351e-03 1.150575287643821991e-02 3.151575787893946823e-02 3.301650825412706658e-02 1.240620310155077510e-01 1.675837918959479644e-01 9.004502251125562351e-03 4.902451225612806246e-02 2.201100550275137541e-02 1.400700350175087573e-02 7.503751875937969204e-03 2.351175587793897029e-02 6.353176588294147387e-02
1.842330762639245861e-02 3.984575835475578226e-02 7.669237360754070643e-02 2.613538988860325540e-02 1.658097686375321345e-01 1.028277634961439514e-02 3.427592116538132148e-03 1.028277634961439514e-02 3.041988003427592221e-02 5.141388174807197571e-03 1.156812339331619519e-02 1.285347043701799523e-02 3.101970865467009175e-01 8.997429305912596834e-03 6.683804627249356756e-02 1.156812339331619519e-02 1.628106255355612694e-02 0.000000000000000000e+00 5.141388174807197571e-03 2.742073693230505718e-02 8.997429305912596834e-03 9.254498714652956148e-02 1.413881748071979354e-02 2.185089974293059206e-02 5.141388174807197571e-03
8.079324274697026118e-03 1.652589056188027983e-02 3.268453911127432859e-02 6.059493206022768808e-02 3.415350716121924590e-02 1.171502019831068692e-01 3.305178112376055966e-02 1.322071244950422282e-02 8.520014689680499576e-02 4.774146162320969111e-03 2.350348879911861796e-02 9.291222915901578561e-02 0.000000000000000000e+00 4.002937936099890126e-02 1.138450238707308139e-02 1.531399192067572634e-01 1.127432978332721242e-01 0.000000000000000000e+00 2.680866691149467670e-02 1.505692251193536599e-02 2.240176276165993519e-02 6.573632023503488131e-02 5.508630187293426031e-03 1.322071244950422282e-02 1.211898641204553831e-02
2.483443708609271629e-03 1.572847682119205351e-02 7.450331125827814455e-03 1.365894039735099375e-02 1.047185430463576095e-01 1.779801324503311327e-02 5.049668874172185545e-02 1.365894039735099375e-02 4.097682119205298124e-02 1.365894039735099375e-02 1.200331125827814628e-02 5.504966887417218208e-02 0.000000000000000000e+00 4.726821192052980125e-01 3.311258278145695622e-02 0.000000000000000000e+00 1.862582781456953787e-02 0.000000000000000000e+00 7.450331125827814455e-03 8.692052980132449619e-03 3.145695364238410702e-02 7.450331125827814455e-03 3.849337748344371091e-02 1.200331125827814628e-02 2.235099337748344336e-02
1.591849729385546100e-03 6.017191977077363668e-02 9.232728430436166686e-03 1.496338745622413299e-02 6.367398917542184400e-03 2.897166507481693798e-02 1.423113658070678245e-01 6.908627825533270039e-02 6.335561922954473235e-02 1.177968799745304079e-02 6.908627825533270039e-02 6.844953836357847710e-02 0.000000000000000000e+00 0.000000000000000000e+00 9.232728430436166686e-03 0.000000000000000000e+00 1.009232728430436155e-01 0.000000000000000000e+00 6.017191977077363668e-02 6.367398917542184400e-03 1.986628462273161422e-01 1.050620821394460287e-02 1.878382680674944155e-02 4.075135307226997877e-02 9.232728430436166686e-03
7.624857033930614036e-03 6.023637056805184603e-02 8.730461303850552135e-02 3.545558520777735562e-02 2.401829965688143456e-02 2.173084254670224966e-02 2.985131528783835364e-01 2.592451391536408634e-02 2.287457110179184037e-03 1.334349980937857456e-02 4.384292794510102897e-02 2.226458253907739326e-01 0.000000000000000000e+00 0.000000000000000000e+00 4.574914220358368422e-02 0.000000000000000000e+00 2.592451391536408634e-02 0.000000000000000000e+00 2.249332825009530898e-02 1.829965688143347230e-02 0.000000000000000000e+00 8.768585589020206489e-03 5.718642775447960527e-03 1.334349980937857456e-02 1.677468547464735019e-02
3.590664272890484870e-03 6.678635547576301790e-02 1.795332136445242435e-02 4.524236983842010867e-02 5.780969479353680746e-02 3.590664272890484870e-03 0.000000000000000000e+00 4.057450628366247869e-02 1.041292639138240508e-02 1.324955116696588941e-01 1.141831238779174168e-01 2.470377019748653535e-01 0.000000000000000000e+00 0.000000000000000000e+00 6.750448833034111695e-02 0.000000000000000000e+00 2.513464991023339409e-02 0.000000000000000000e+00 4.057450628366247869e-02 3.590664272890484870e-03 0.000000000000000000e+00 3.770197486535008941e-02 1.903052064631956947e-02 2.621184919210053921e-02 4.057450628366247869e-02
3.346969133506880016e-03 4.462625511342506110e-03 6.693938267013760032e-03 3.235403495723317147e-02 8.553365563406471056e-03 3.495723317218296655e-02 0.000000000000000000e+00 8.226106359241354138e-01 3.346969133506880016e-03 7.437709185570844095e-03 1.115656377835626527e-03 0.000000000000000000e+00 0.000000000000000000e+00 0.000000000000000000e+00 9.297136481963555119e-03 0.000000000000000000e+00 5.206396429899591040e-03 0.000000000000000000e+00 4.462625511342506110e-03 1.115656377835626527e-03 0.000000000000000000e+00 1.487541837114168819e-02 6.693938267013760032e-03 7.437709185570844095e-03 2.603198214949795433e-02
6.910472571835668543e-02 7.005461885537876687e-02 3.324625979577297552e-02 4.701971028259320506e-02 1.591071004511992321e-02 8.026597007836618058e-02 0.000000000000000000e+00 0.000000000000000000e+00 3.419615293279506391e-02 1.626691997150320479e-01 7.931607694134409914e-02 0.000000000000000000e+00 0.000000000000000000e+00 0.000000000000000000e+00 9.047732130135359430e-02 0.000000000000000000e+00 2.588458798385181656e-02 0.000000000000000000e+00 1.116124436000949932e-01 3.015910710045120041e-02 0.000000000000000000e+00 2.279743528853004145e-02 7.575397767751128331e-02 3.205889337449537024e-02 1.947280930895274251e-02
3.346969133506880016e-03 7.065823726292302064e-03 3.346969133506880016e-03 9.297136481963555119e-03 1.115656377835626614e-02 9.297136481963555119e-03 0.000000000000000000e+00 0.000000000000000000e+00 6.322052807735217134e-03 0.000000000000000000e+00 2.603198214949795520e-03 0.000000000000000000e+00 0.000000000000000000e+00 0.000000000000000000e+00 8.728151729267386028e-01 0.000000000000000000e+00 5.578281889178133071e-03 0.000000000000000000e+00 2.268501301599107345e-02 1.710673112681294211e-02 0.000000000000000000e+00 7.065823726292302064e-03 2.603198214949795520e-03 1.190033469691335020e-02 7.809594644849386126e-03
8.421537045559135404e-02 8.789691670501610654e-02 6.511734928670041833e-02 6.373676944316612747e-02 6.695812241141278764e-02 8.053382420616658766e-02 0.000000000000000000e+00 0.000000000000000000e+00 5.913483663138518337e-02 0.000000000000000000e+00 7.294063506672802955e-02 0.000000000000000000e+00 0.000000000000000000e+00 0.000000000000000000e+00 0.000000000000000000e+00 0.000000000000000000e+00 3.589507593189139589e-02 0.000000000000000000e+00 4.901058444546709664e-02 6.120570639668660579e-02 0.000000000000000000e+00 7.662218131615278205e-02 6.120570639668660579e-02 8.053382420616658766e-02 5.499309710078233160e-02
1.553968920621587486e-02 0.000000000000000000e+00 7.139857202855943302e-03 4.619907601847963313e-03 4.199916001679966648e-03 4.460310793784124095e-01 0.000000000000000000e+00 0.000000000000000000e+00 2.015959680806383991e-02 0.000000000000000000e+00 4.460310793784124095e-01 0.000000000000000000e+00 0.000000000000000000e+00 0.000000000000000000e+00 0.000000000000000000e+00 0.000000000000000000e+00 5.459890802183956643e-03 0.000000000000000000e+00 4.199916001679966648e-04 4.619907601847963313e-03 0.000000000000000000e+00 1.637967240655186993e-02 4.199916001679966648e-04 1.301973960520789661e-02 1.595968080638387326e-02
2.251125562781390588e-02 1.350675337668834353e-02 1.500750375187593797e-03 2.751375687843922099e-02 6.103051525762881457e-02 4.002001000500250011e-02 1.120560280140070059e-01 2.101050525262631447e-02 5.002501250625312514e-03 5.002501250625312514e-03 1.250625312656328085e-02 6.503251625812906528e-03 9.554777388694346563e-02 1.650825412706353329e-02 3.151575787893946823e-02 5.802901450725362481e-02 1.695847923961980863e-01 4.702351175587794058e-02 6.503251625812906528e-03 7.653826913456727998e-02 1.400700350175087573e-02 9.504752376188094556e-03 8.704352176088044069e-02 1.600800400200099935e-02 4.402201100550275081e-02
2.694610778443113849e-02 2.010265183917878465e-02 3.421727972626176228e-02 2.010265183917878465e-02 2.994011976047904200e-02 1.197604790419161749e-02 2.908468776732249864e-02 3.130881094952951416e-01 7.142857142857142461e-02 3.763900769888793574e-02 2.994011976047904200e-02 1.325919589392643254e-02 8.939264328485885258e-02 1.069289991445680071e-02 2.138579982891360143e-02 1.197604790419161749e-02 0.000000000000000000e+00 5.132591958939264516e-03 9.409751924721983934e-03 3.763900769888793574e-02 7.741659538066723856e-02 6.030795551753635741e-02 5.132591958939264516e-03 1.924721984602224129e-02 1.454234388366124932e-02
1.904064445258147123e-02 9.520322226290735615e-03 5.016477480776272702e-02 9.117539362870742681e-02 2.929329915781764705e-03 9.154155986818015081e-03 2.204320761625778169e-01 0.000000000000000000e+00 1.709996338337605171e-01 9.520322226290735615e-03 9.520322226290735615e-03 2.929329915781764705e-03 1.182716953496887602e-01 9.154155986818015081e-03 4.320761625778102993e-02 6.590992310508971344e-03 0.000000000000000000e+00 2.929329915781764705e-03 5.858659831563529409e-03 9.703405346027096923e-02 3.149029659465397285e-02 3.258879531307213445e-02 2.673013548150860591e-02 7.689491028927132946e-03 2.306847308678139710e-02
8.073817762399076656e-03 3.844675124951941331e-02 2.845059592464436668e-02 1.038062283737024166e-02 1.722414455978469872e-01 5.459438677431757009e-02 0.000000000000000000e+00 0.000000000000000000e+00 4.575163398692810163e-02 8.073817762399076656e-03 3.767781622452903018e-02 3.064206074586697248e-01 2.268358323721645503e-02 1.088043060361399417e-01 1.345636293733179500e-02 2.153018069973087339e-02 0.000000000000000000e+00 5.767012687427912516e-03 1.960784313725490169e-02 2.537485582468281334e-02 6.920415224913495020e-03 5.767012687427912516e-03 2.153018069973087339e-02 1.768550557477892998e-02 2.076124567474048332e-02
3.469241773962804254e-02 6.545064377682403844e-02 9.298998569384835447e-03 6.437768240343347617e-03 1.108726752503576621e-02 2.002861230329041481e-02 0.000000000000000000e+00 0.000000000000000000e+00 4.166666666666666852e-01 8.261802575107296542e-02 6.938483547925608508e-02 0.000000000000000000e+00 7.224606580829756597e-02 6.866952789699570792e-02 6.437768240343347617e-03 3.075822603719599591e-02 0.000000000000000000e+00 2.002861230329041481e-02 3.290414878397711351e-02 6.437768240343347617e-03 7.868383404864091532e-03 2.503576537911301851e-03 1.072961373390557936e-02 1.251788268955651012e-02 1.323319027181688208e-02
5.214917825537294244e-02 3.729456384323640711e-02 1.991150442477876079e-02 6.479140328697850781e-02 1.605562579013906366e-01 4.108723135271807880e-02 0.000000000000000000e+00 0.000000000000000000e+00 0.000000000000000000e+00 5.436156763590391933e-02 8.723135271807838653e-02 0.000000000000000000e+00 1.466498103666245278e-01 2.907711757269279551e-02 2.749683944374209724e-02 1.042983565107458849e-02 0.000000000000000000e+00 2.686472819216182209e-02 4.108723135271807880e-02 2.686472819216182209e-02 4.108723135271807880e-02 4.677623261694058288e-02 4.993678887484197249e-02 2.686472819216182209e-02 9.481668773704172298e-03
3.588516746411483330e-03 1.395534290271132315e-02 3.588516746411483330e-03 8.078149920255183192e-01 0.000000000000000000e+00 1.355661881977671471e-02 0.000000000000000000e+00 0.000000000000000000e+00 0.000000000000000000e+00 6.379585326953748046e-03 2.751196172248803959e-02 0.000000000000000000e+00 1.874003189792663310e-02 1.993620414673046362e-02 8.373205741626794582e-03 3.588516746411483330e-03 0.000000000000000000e+00 2.033492822966507033e-02 1.156299840510366904e-02 1.754385964912280604e-02 1.993620414673046102e-03 3.588516746411483330e-03 1.395534290271132315e-02 1.993620414673046102e-03 1.993620414673046102e-03
1.664596273291925332e-02 3.726708074534161586e-02 2.832298136645962708e-02 0.000000000000000000e+00 0.000000000000000000e+00 9.440993788819875693e-03 0.000000000000000000e+00 0.000000000000000000e+00 0.000000000000000000e+00 3.229813664596273282e-02 1.540372670807453430e-02 0.000000000000000000e+00 2.981366459627329268e-01 4.795031055900621231e-02 2.211180124223602328e-02 1.888198757763975139e-02 0.000000000000000000e+00 6.310559006211180488e-02 7.130434782608695288e-02 1.540372670807453430e-02 1.714285714285714302e-01 8.968944099378882429e-02 2.211180124223602328e-02 2.732919254658384978e-02 1.316770186335403797e-02
3.125976867771178627e-03 6.251953735542356604e-04 5.314160675211003493e-03 0.000000000000000000e+00 0.000000000000000000e+00 6.251953735542356604e-04 0.000000000000000000e+00 0.000000000000000000e+00 0.000000000000000000e+00 3.125976867771178627e-03 1.656767739918724516e-02 0.000000000000000000e+00 0.000000000000000000e+00 9.084088777743044574e-01 2.188183807439824866e-03 1.125351672397624340e-02 0.000000000000000000e+00 1.094091903719912433e-02 1.375429821819318561e-02 2.813379180994060851e-03 6.251953735542356604e-04 4.376367614879649731e-03 1.125351672397624340e-02 4.376367614879649731e-03 6.251953735542356604e-04
1.344469342024852236e-02 4.624159706661234298e-02 1.731513546547158375e-02 0.000000000000000000e+00 0.000000000000000000e+00 5.316765125280097787e-02 0.000000000000000000e+00 0.000000000000000000e+00 0.000000000000000000e+00 1.344469342024852236e-02 3.177836626604196163e-02 0.000000000000000000e+00 0.000000000000000000e+00 0.000000000000000000e+00 1.894479527398655605e-02 1.731513546547158375e-02 0.000000000000000000e+00 3.057649215726216951e-01 1.489101650030556223e-01 3.340802607455693740e-02 1.391322061519657816e-01 6.803829700550009796e-02 5.866775310653900982e-02 1.894479527398655605e-02 1.548176818089223861e-02
1.028277634961439514e-02 5.712653527563553435e-03 4.570122822050842575e-03 0.000000000000000000e+00 0.000000000000000000e+00 3.427592116538132148e-03 0.000000000000000000e+00 0.000000000000000000e+00 0.000000000000000000e+00 4.284490145672665076e-03 1.656669522993430357e-02 0.000000000000000000e+00 0.000000000000000000e+00 0.000000000000000000e+00 9.997143673236218511e-03 6.283918880319908432e-03 0.000000000000000000e+00 0.000000000000000000e+00 8.671808054841473323e-01 1.342473578977435023e-02 9.425878320479863515e-03 3.913167666381033721e-02 7.426449585832619292e-03 5.712653527563553218e-04 1.713796058269066074e-03
5.422045680238331972e-02 5.203574975173783784e-02 5.819265143992055633e-02 0.000000000000000000e+00 0.000000000000000000e+00 5.203574975173783784e-02 0.000000000000000000e+00 0.000000000000000000e+00 0.000000000000000000e+00 4.786494538232373419e-02 8.003972194637537507e-02 0.000000000000000000e+00 0.000000000000000000e+00 0.000000000000000000e+00 5.004965243296921606e-02 7.428003972194636984e-02 0.000000000000000000e+00 0.000000000000000000e+00 0.000000000000000000e+00 6.633565044687189660e-02 7.805362462760674636e-02 7.030784508440914016e-02 1.080436941410129054e-01 1.171797418073485669e-01 9.136047666335650463e-02
6.179992275009656144e-03 8.111239860950173255e-03 8.497489378138278066e-03 0.000000000000000000e+00 0.000000000000000000e+00 1.390498261877172632e-02 0.000000000000000000e+00 0.000000000000000000e+00 0.000000000000000000e+00 2.317497103128621054e-03 3.012746234067207457e-02 0.000000000000000000e+00 0.000000000000000000e+00 0.000000000000000000e+00 6.179992275009656144e-03 5.793742757821553069e-03 0.000000000000000000e+00 0.000000000000000000e+00 0.000000000000000000e+00 3.514870606411742149e-02 6.179992275009656144e-03 8.111239860950173255e-03 8.536114329857087402e-01 0.000000000000000000e+00 1.583623020471224344e-02
7.003501750875437866e-03 1.100550275137568770e-02 1.850925462731365517e-02 2.251125562781390588e-02 1.050525262631315723e-02 8.504252126063031880e-03 8.154077038519259857e-02 2.651325662831415658e-02 6.953476738369183952e-02 2.801400700350175146e-02 3.651825912956477987e-02 6.953476738369183952e-02 2.701350675337668705e-02 1.700850425212606376e-01 8.504252126063031880e-03 4.602301150575287964e-02 1.085542771385692856e-01 6.153076538269134504e-02 6.403201600800399740e-02 4.002001000500249837e-03 5.202601300650325222e-02 4.602301150575287964e-02 5.002501250625312514e-03 1.050525262631315723e-02 7.003501750875437866e-03
4.489097905087643947e-02 2.479692176143651061e-02 2.907225309961522161e-02 9.277469003847797768e-02 1.581872595126122272e-01 9.405728943993160035e-03 5.130397605814450424e-02 6.840530141085933782e-03 6.669516887558785134e-02 2.009405728943993233e-02 1.068832834544677229e-02 3.463018383924754140e-02 8.123129542539546041e-03 0.000000000000000000e+00 3.762291577597264014e-02 3.463018383924754140e-02 7.353569901667379727e-02 8.251389482684907961e-02 7.182556648140231426e-02 6.840530141085933782e-03 7.481829841812739912e-02 1.923899102180419082e-02 1.453612654980761081e-02 2.009405728943993233e-02 6.840530141085933782e-03
1.350780920219501850e-02 1.392992823976361288e-02 1.604052342760658653e-02 3.693541578725200725e-01 0.000000000000000000e+00 1.604052342760658653e-02 1.815111861544955671e-02 5.698607007176023642e-02 1.506964964119881789e-01 2.532714225411565861e-03 1.350780920219501850e-02 1.477416631490080165e-02 7.091599831152385625e-02 0.000000000000000000e+00 1.181933305192064097e-02 3.925707049387927583e-02 1.266357112705782930e-03 5.909666525960320486e-03 1.262135922330097082e-01 1.266357112705782930e-03 8.442380751371887648e-03 5.065428450823131722e-03 1.139721401435204659e-02 1.139721401435204659e-02 2.152807091599831177e-02
1.148225469728601268e-02 6.958942240779401704e-03 1.913709116214335273e-02 0.000000000000000000e+00 0.000000000000000000e+00 4.279749478079331731e-02 4.523312456506610978e-03 4.627696590118302034e-02 5.323590814196241805e-01 1.635351426583159240e-02 1.043841336116910212e-02 6.958942240779401704e-03 1.426583159359777302e-02 0.000000000000000000e+00 2.192066805845511654e-02 1.635351426583159240e-02 1.043841336116910212e-02 3.375086986778010056e-02 1.913709116214335273e-02 2.122477383437717385e-02 6.437021572720946772e-02 3.583855254001391821e-02 3.375086986778010056e-02 1.913709116214335273e-02 1.252609603340292324e-02
5.100595069424766585e-03 5.809011051289317273e-02 1.700198356474922137e-02 0.000000000000000000e+00 0.000000000000000000e+00 5.412298101445168347e-02 1.141966562765655974e-01 2.014735052422782779e-01 0.000000000000000000e+00 1.643525077925758054e-02 1.416831963729101636e-03 9.067724567866250474e-02 1.345990365542646672e-01 0.000000000000000000e+00 1.105128931708699268e-02 2.210257863417398536e-02 9.209407764239160854e-02 1.416831963729101636e-03 6.800793425899688202e-03 1.360158685179937640e-02 8.557665060923774769e-02 2.493624256163218950e-02 8.784358175120431100e-03 5.667327854916406546e-03 3.485406630773590225e-02
1.955719557195571834e-02 7.749077490774907741e-03 7.749077490774907741e-03 0.000000000000000000e+00 0.000000000000000000e+00 7.749077490774907741e-03 5.904059040590405733e-03 0.000000000000000000e+00 0.000000000000000000e+00 7.749077490774907741e-03 2.287822878228782178e-02 3.236162361623616257e-01 3.354243542435424441e-01 0.000000000000000000e+00 2.693726937269372637e-02 2.029520295202951949e-02 1.254612546125461262e-02 5.904059040590405733e-03 1.180811808118081147e-02 1.512915129151291491e-02 1.317343173431734238e-01 1.070110701107011147e-02 1.439114391143911376e-02 9.963099630996310324e-03 2.214022140221402150e-03
3.713892709766162398e-02 1.616231086657496721e-02 2.303988995873452669e-02 0.000000000000000000e+00 0.000000000000000000e+00 1.169188445667125251e-02 3.851444291609353726e-02 0.000000000000000000e+00 0.000000000000000000e+00 2.235213204951857005e-02 6.533700137551581855e-02 2.967675378266850239e-01 0.000000000000000000e+00 0.000000000000000000e+00 2.510316368638239315e-02 7.565337001375516124e-02 3.954607977991746876e-02 1.581843191196698750e-01 1.822558459422283367e-02 2.063273727647867845e-02 4.676753782668501003e-02 1.616231086657496721e-02 4.195323246217331353e-02 2.166437414030261341e-02 2.510316368638239315e-02
8.726003490401396112e-03 8.027923211169284493e-03 3.141361256544502722e-03 0.000000000000000000e+00 0.000000000000000000e+00 9.424083769633507732e-03 8.027923211169284493e-03 0.000000000000000000e+00 0.000000000000000000e+00 7.329842931937172873e-03 8.027923211169284493e-03 0.000000000000000000e+00 0.000000000000000000e+00 0.000000000000000000e+00 2.443280977312391102e-03 1.675392670157068234e-02 8.547993019197207554e-01 1.500872600349040069e-02 1.745200698080279222e-02 1.047120418848167646e-03 1.675392670157068234e-02 2.443280977312391102e-03 8.726003490401396112e-03 2.443280977312391102e-03 9.424083769633507732e-03
5.256064690026954200e-02 6.603773584905660299e-02 6.019766397124887841e-02 0.000000000000000000e+00 0.000000000000000000e+00 5.098831985624438512e-02 6.154537286612758035e-02 0.000000000000000000e+00 0.000000000000000000e+00 6.311769991015274417e-02 5.862533692722372153e-02 0.000000000000000000e+00 0.000000000000000000e+00 0.000000000000000000e+00 6.311769991015274417e-02 5.548068283917340776e-02 0.000000000000000000e+00 5.098831985624438512e-02 6.311769991015274417e-02 6.154537286612758035e-02 4.784366576819407135e-02 5.997304582210242346e-02 6.311769991015274417e-02 6.154537286612758035e-02 6.019766397124887841e-02
4.797208896641954115e-03 0.000000000000000000e+00 9.158307893589184498e-03 0.000000000000000000e+00 0.000000000000000000e+00 5.669428696031399845e-03 4.361098996947230817e-04 0.000000000000000000e+00 0.000000000000000000e+00 6.977758395115569306e-03 4.361098996947230817e-04 0.000000000000000000e+00 0.000000000000000000e+00 0.000000000000000000e+00 6.541648495420846442e-03 4.666375926733536961e-01 0.000000000000000000e+00 4.797208896641954115e-03 5.669428696031399845e-03 4.361098996947230817e-04 4.666375926733536961e-01 5.669428696031399845e-03 2.180549498473615191e-03 6.977758395115569306e-03 6.977758395115569306e-03
3.301650825412706658e-02 6.253126563281641292e-02 1.800900450225112470e-02 5.602801400700350293e-02 4.852426213106553199e-02 1.250625312656328085e-02 5.502751375687844199e-02 8.154077038519259857e-02 7.553776888444221904e-02 1.700850425212606376e-02 3.151575787893946823e-02 1.500750375187593797e-03 9.004502251125562351e-02 1.055527763881941028e-01 9.004502251125562351e-03 2.251125562781390588e-02 5.052526263131566081e-02 2.101050525262631447e-02 6.753376688344171763e-02 2.251125562781390588e-02 6.403201600800399740e-02 1.150575287643821991e-02 1.500750375187593797e-03 2.351175587793897029e-02 1.800900450225112470e-02
6.334841628959276064e-03 2.126696832579185598e-02 2.533936651583710425e-02 7.285067873303167907e-02 9.411764705882352811e-02 3.076923076923077094e-02 5.610859728506787519e-02 7.104072398190044990e-02 9.592760180995475727e-02 1.900452488687782646e-02 1.312217194570135768e-02 1.900452488687782646e-02 7.013574660633484226e-02 0.000000000000000000e+00 1.040723981900452434e-02 4.977375565610859393e-03 1.176470588235294101e-02 5.610859728506787519e-02 1.018099547511312208e-01 3.936651583710407132e-02 5.701357466063348284e-02 4.796380090497737864e-02 6.289592760180995334e-02 7.692307692307692735e-03 4.977375565610859393e-03
1.214028776978417351e-02 7.643884892086331116e-03 8.318345323741006825e-02 6.474820143884892076e-02 1.079136690647482071e-02 1.348920863309352458e-02 6.969424460431654367e-02 6.564748201438848352e-02 1.609712230215827322e-01 9.892086330935251012e-03 2.832733812949640370e-02 1.079136690647482071e-02 4.631294964028776634e-02 0.000000000000000000e+00 2.742805755395683401e-02 9.892086330935251012e-03 8.138489208633092886e-02 1.254496402877697814e-01 0.000000000000000000e+00 1.214028776978417351e-02 6.744604316546762290e-03 9.847122302158273222e-02 7.643884892086331116e-03 6.744604316546762290e-03 4.046762589928057374e-02
1.866779804836656703e-02 2.715316079762409782e-02 4.072974119643614499e-02 1.739499363597793793e-02 7.212558336868900820e-03 6.279168434450572989e-02 2.078913873568094886e-02 1.866779804836656703e-02 0.000000000000000000e+00 1.442511667373780164e-02 5.939753924480271723e-03 2.163767501060670506e-02 1.442511667373780164e-02 0.000000000000000000e+00 5.939753924480271723e-03 2.672889266016122145e-02 7.212558336868900820e-03 4.374204497242257239e-01 0.000000000000000000e+00 2.163767501060670506e-02 1.943148069579974657e-01 2.163767501060670506e-02 4.666949512091641758e-03 4.666949512091641758e-03 5.939753924480271723e-03
1.287128712871287058e-02 3.498349834983498219e-02 1.815181518151815290e-02 6.600660066006600740e-03 1.749174917491749109e-02 1.221122112211221050e-02 2.343234323432343350e-02 3.300330033003300023e-02 0.000000000000000000e+00 3.300330033003300370e-03 1.089108910891089035e-02 1.155115511551155043e-02 1.518151815181518170e-02 0.000000000000000000e+00 1.815181518151815290e-02 1.089108910891089035e-02 4.006600660066006458e-01 0.000000000000000000e+00 0.000000000000000000e+00 1.419141914191419072e-02 3.089108910891089077e-01 2.442244224422442100e-02 2.310231023102310259e-03 1.155115511551155043e-02 9.240924092409241036e-03
6.535947712418300852e-03 5.602240896358543464e-03 6.442577030812324246e-02 8.932461873638344874e-02 9.554933084344849337e-02 4.948646125116713118e-02 2.987861811391223296e-02 4.793028322440087002e-02 0.000000000000000000e+00 6.535947712418300852e-03 7.096171802054154765e-02 2.225334578275754704e-01 5.602240896358543464e-03 0.000000000000000000e+00 6.286959228135698130e-02 1.898537192654839792e-02 0.000000000000000000e+00 0.000000000000000000e+00 0.000000000000000000e+00 4.077186430127606453e-02 5.353252412075941435e-02 4.139433551198257177e-02 9.648303765950824035e-03 5.602240896358543637e-02 2.240896358543417385e-02
8.474576271186440649e-03 4.053058216654384545e-03 9.579955784819455325e-03 1.142225497420781138e-02 3.537214443625644883e-02 3.684598378776713420e-03 3.168754605747973324e-02 1.842299189388356710e-03 0.000000000000000000e+00 1.105379513633014026e-03 5.526897568165069913e-03 0.000000000000000000e+00 7.133382461311716938e-01 0.000000000000000000e+00 1.031687546057479671e-02 3.684598378776713420e-03 0.000000000000000000e+00 0.000000000000000000e+00 0.000000000000000000e+00 1.768607221812822441e-02 9.211495946941783419e-02 8.474576271186440649e-03 2.100221075902726497e-02 3.684598378776713420e-03 1.694915254237288130e-02
3.379923761118170528e-02 4.371029224904701693e-02 5.921219822109275582e-02 1.811944091486658304e-01 9.733163913595933858e-02 3.379923761118170528e-02 2.439644218551461144e-02 9.275730622617535392e-02 0.000000000000000000e+00 3.176620076238882012e-02 5.336721728081321448e-02 0.000000000000000000e+00 0.000000000000000000e+00 0.000000000000000000e+00 3.583227445997459043e-02 3.583227445997459043e-02 0.000000000000000000e+00 0.000000000000000000e+00 0.000000000000000000e+00 2.770012706480304981e-02 4.675984752223633772e-02 7.141041931385005981e-02 2.642947903430749659e-02 5.819567979669631325e-02 4.650571791613723055e-02
2.028023598820059142e-02 1.036135693215339271e-01 9.402654867256636517e-02 0.000000000000000000e+00 2.138643067846607640e-02 3.318584070796460131e-03 7.669616519174041191e-02 4.056047197640118285e-02 0.000000000000000000e+00 7.005899705014749165e-03 2.101769911504424923e-02 0.000000000000000000e+00 0.000000000000000000e+00 0.000000000000000000e+00 3.134218289085545506e-02 8.849557522123893682e-03 0.000000000000000000e+00 0.000000000000000000e+00 0.000000000000000000e+00 5.494100294985250488e-02 1.519174041297935152e-01 3.318584070796460339e-01 9.955752212389380393e-03 1.106194690265486710e-03 2.212389380530973421e-02
5.519144532597447181e-03 6.898930665746809410e-03 2.863056226284925801e-02 0.000000000000000000e+00 8.554674025526043390e-01 5.519144532597447181e-03 8.278716798896171639e-03 1.828216626422904389e-02 0.000000000000000000e+00 8.278716798896171639e-03 3.794411866160745262e-03 0.000000000000000000e+00 0.000000000000000000e+00 0.000000000000000000e+00 1.241807519834425659e-02 5.519144532597447181e-03 0.000000000000000000e+00 0.000000000000000000e+00 0.000000000000000000e+00 9.658502932045532133e-03 6.898930665746809410e-03 0.000000000000000000e+00 6.898930665746809410e-03 1.103828906519489436e-02 6.898930665746809410e-03
4.597188127650077977e-02 1.236331176076768540e-01 3.258201294353938599e-02 0.000000000000000000e+00 0.000000000000000000e+00 1.903592948002678087e-01 6.494086141486275776e-02 9.752287435840213681e-02 0.000000000000000000e+00 2.856505244365097063e-02 1.131443874135237698e-01 0.000000000000000000e+00 0.000000000000000000e+00 0.000000000000000000e+00 2.030796697165811182e-02 1.921446105779959779e-01 0.000000000000000000e+00 0.000000000000000000e+00 0.000000000000000000e+00 1.138138808301718437e-02 1.919214461057799567e-02 0.000000000000000000e+00 1.450569069404150820e-02 2.410176299933050603e-02 2.164695380495425259e-02
1.398601398601398600e-03 1.363636363636363570e-02 9.167832167832168366e-01 0.000000000000000000e+00 0.000000000000000000e+00 1.083916083916083850e-02 3.496503496503496500e-03 1.643356643356643290e-02 0.000000000000000000e+00 1.153846153846153910e-02 4.895104895104895534e-03 0.000000000000000000e+00 0.000000000000000000e+00 0.000000000000000000e+00 3.496503496503496500e-03 0.000000000000000000e+00 0.000000000000000000e+00 0.000000000000000000e+00 0.000000000000000000e+00 4.895104895104895534e-03 2.447552447552447767e-03 0.000000000000000000e+00 2.447552447552447767e-03 4.195804195804195801e-03 3.496503496503496500e-03
3.116208612854360488e-02 7.942003895260765778e-02 0.000000000000000000e+00 0.000000000000000000e+00 0.000000000000000000e+00 1.623025319194979499e-01 1.469378922311188052e-01 4.631032244103008150e-02 0.000000000000000000e+00 3.678857390175286485e-02 8.071845920796363871e-02 0.000000000000000000e+00 0.000000000000000000e+00 0.000000000000000000e+00 1.285436052802423623e-01 0.000000000000000000e+00 0.000000000000000000e+00 0.000000000000000000e+00 0.000000000000000000e+00 3.332611988747024440e-02 5.172040683834668029e-02 0.000000000000000000e+00 1.051720406838346639e-01 7.227872754814974876e-02 2.531919497944168027e-02
7.518796992481202590e-03 7.518796992481202590e-03 0.000000000000000000e+00 0.000000000000000000e+00 0.000000000000000000e+00 0.000000000000000000e+00 1.002506265664160345e-02 7.876834944504118238e-03 0.000000000000000000e+00 3.938417472252059119e-03 9.484425349087003410e-01 0.000000000000000000e+00 0.000000000000000000e+00 0.000000000000000000e+00 3.580379520229144338e-03 0.000000000000000000e+00 0.000000000000000000e+00 0.000000000000000000e+00 0.000000000000000000e+00 7.160759040458289110e-04 1.432151808091657822e-03 0.000000000000000000e+00 5.370569280343716508e-03 1.432151808091657822e-03 2.148227712137486516e-03
8.111015490533562966e-02 8.111015490533562966e-02 0.000000000000000000e+00 0.000000000000000000e+00 0.000000000000000000e+00 0.000000000000000000e+00 7.164371772805508409e-02 9.337349397590360978e-02 0.000000000000000000e+00 9.896729776247847887e-02 0.000000000000000000e+00 0.000000000000000000e+00 0.000000000000000000e+00 0.000000000000000000e+00 8.412220309810670982e-02 0.000000000000000000e+00 0.000000000000000000e+00 0.000000000000000000e+00 0.000000000000000000e+00 1.021944922547332185e-01 9.918244406196213836e-02 0.000000000000000000e+00 8.713425129087778997e-02 1.049913941480206531e-01 9.617039586919104432e-02
