6.958942240779401704e-03 6.263048016701461621e-03 8.350730688935281004e-03 2.087682672233820251e-03 0.000000000000000000e+00 2.783576896311760768e-03 6.958942240779401921e-04 0.000000000000000000e+00 0.000000000000000000e+00 1.565762004175365318e-02 4.523312456506610978e-03 6.958942240779401921e-04 0.000000000000000000e+00 0.000000000000000000e+00 1.496172581767571397e-02 1.356993736951983380e-02 8.736951983298538726e-01 0.000000000000000000e+00 1.009046624913013251e-02 9.394572025052191563e-03 6.958942240779401921e-04 1.391788448155880341e-02 8.350730688935281004e-03 5.219206680584551061e-03 2.087682672233820251e-03
5.055432372505543059e-02 5.188470066518847262e-02 5.343680709534368023e-02 5.476718403547671532e-02 0.000000000000000000e+00 5.476718403547671532e-02 5.476718403547671532e-02 0.000000000000000000e+00 0.000000000000000000e+00 6.851441241685143901e-02 5.343680709534368023e-02 4.767184035476718096e-02 0.000000000000000000e+00 0.000000000000000000e+00 5.055432372505543059e-02 5.188470066518847262e-02 0.000000000000000000e+00 0.000000000000000000e+00 6.430155210643015429e-02 4.767184035476718096e-02 6.629711751662971386e-02 6.851441241685143901e-02 6.031042128603104208e-02 3.769401330376940390e-02 6.297117516629711920e-02
7.365684575389948308e-03 7.365684575389948308e-03 1.299826689774696668e-02 4.332755632582322228e-03 0.000000000000000000e+00 1.083188908145580644e-02 3.899480069324090178e-03 0.000000000000000000e+00 0.000000000000000000e+00 0.000000000000000000e+00 7.365684575389948308e-03 1.429809358752166457e-02 0.000000000000000000e+00 0.000000000000000000e+00 7.798960138648180357e-03 2.036395147313691673e-02 0.000000000000000000e+00 0.000000000000000000e+00 1.083188908145580644e-02 4.332755632582322119e-04 4.306759098786828166e-01 4.306759098786828166e-01 7.798960138648180357e-03 6.499133448873483342e-03 1.646447140381282481e-02
4.852426213106553199e-02 1.150575287643821991e-02 3.851925962981490870e-02 6.153076538269134504e-02 1.810905452726363218e-01 2.151075537768884494e-02 2.551275637818909564e-02 3.401700850425212752e-02 1.250625312656328085e-02 1.000500250125062503e-02 6.103051525762881457e-02 9.754877438719360139e-02 2.551275637818909564e-02 1.600800400200099935e-02 3.001500750375187682e-02 1.010505252626313216e-01 5.002501250625312340e-02 1.900950475237618911e-02 4.002001000500249837e-03 5.002501250625312514e-03 6.603301650825413316e-02 3.551775887943971893e-02 2.551275637818909564e-02 1.400700350175087573e-02 5.002501250625312514e-03
8.047437526471834177e-03 1.482422702244811513e-02 3.557814485387547632e-02 2.202456586192291441e-02 0.000000000000000000e+00 1.058873358746293888e-02 3.811944091486658276e-02 1.143583227445997379e-02 9.318085556967387398e-03 1.541719610334603974e-01 4.193138500635323895e-02 3.346039813638288646e-02 1.694197373994070221e-01 2.964845404489623026e-03 5.929690808979246053e-02 4.235493434985175380e-03 1.329944938585345127e-01 6.776789495976280608e-02 3.811944091486658276e-02 4.574332909783989515e-02 1.270648030495552701e-02 3.346039813638288646e-02 2.075391783142736118e-02 8.047437526471834177e-03 2.498941126641253743e-02
4.001667361400583489e-02 9.170487703209670785e-03 4.835348061692371774e-02 1.083784910379324666e-02 0.000000000000000000e+00 1.417257190496040015e-02 8.336807002917882847e-03 1.792413505627344847e-02 1.375573155481450531e-02 5.377240516882034194e-02 3.334722801167153139e-02 9.920800333472280796e-02 0.000000000000000000e+00 2.105043768236765367e-01 1.417257190496040015e-02 2.250937890787828299e-02 2.309295539808253472e-01 7.086285952480200073e-03 8.795331388078365953e-02 1.417257190496040015e-02 1.834097540641934157e-02 1.000416840350145872e-02 2.584410170904543474e-02 8.336807002917882847e-03 1.250521050437682340e-03
4.386995691343517634e-02 1.057579318448883740e-02 1.645123384253819113e-02 1.645123384253819113e-02 0.000000000000000000e+00 7.442224833529181328e-03 1.253427340383862082e-02 9.792401096748922298e-03 9.792401096748922298e-03 1.590285938112025177e-01 4.034469251860556271e-02 2.769291030160595524e-01 0.000000000000000000e+00 2.091656874265570010e-01 1.057579318448883740e-02 1.253427340383862082e-02 0.000000000000000000e+00 1.566784175479827776e-02 3.251077164120642210e-02 1.997649823736780128e-02 3.525264394829612236e-02 2.546024285154719832e-02 1.253427340383862082e-02 1.449275362318840597e-02 8.617312965139052247e-03
1.810790835181079125e-02 1.367331855136733228e-02 4.065040650406504495e-03 2.660753880266075386e-02 0.000000000000000000e+00 2.512934220251293593e-02 9.977827050997782263e-03 1.441241685144124124e-02 5.025868440502587187e-02 5.594974131559496966e-01 9.793052475979305282e-02 0.000000000000000000e+00 0.000000000000000000e+00 6.651884700665188464e-03 1.145602365114560192e-02 4.767184035476718096e-02 0.000000000000000000e+00 9.238728750923873301e-03 3.880266075388026648e-02 4.804138950480414325e-03 1.145602365114560192e-02 1.847745750184774573e-03 1.589061345158906263e-02 2.254249815225424849e-02 9.977827050997782263e-03
1.110162254483347544e-02 1.024765157984628555e-02 7.970395673213778037e-03 3.131226871619698267e-03 0.000000000000000000e+00 8.824366638200967922e-03 1.451750640478223671e-02 1.110162254483347544e-02 3.330486763450042631e-02 0.000000000000000000e+00 1.309422146313692081e-02 0.000000000000000000e+00 0.000000000000000000e+00 1.056077426700825495e-01 1.164247082265869593e-01 8.539709649871904396e-02 0.000000000000000000e+00 3.284941645317392411e-01 1.992598918303444336e-02 2.248790207799601648e-02 1.394819242812411070e-02 1.024765157984628555e-02 5.636208368915456707e-02 1.138627953316253966e-01 1.394819242812411070e-02
1.807802093244529132e-02 7.611798287345385682e-03 8.880431335236282572e-03 8.246114811290833693e-03 0.000000000000000000e+00 5.708848715509039044e-03 1.522359657469077136e-02 2.790992705359974721e-02 5.708848715509039044e-03 0.000000000000000000e+00 3.679035838883602805e-02 0.000000000000000000e+00 0.000000000000000000e+00 2.315255312400887888e-02 9.514747859181731104e-02 1.268633047890897541e-03 0.000000000000000000e+00 0.000000000000000000e+00 6.333650491595306242e-01 5.106248017760862956e-02 8.246114811290833693e-03 1.173485569299080253e-02 1.014906438312718033e-02 1.807802093244529132e-02 1.363780526482714917e-02
1.276276276276276309e-02 1.801801801801801786e-02 1.276276276276276309e-02 1.901901901901902059e-02 0.000000000000000000e+00 2.877877877877877896e-02 1.001001001001000992e-02 1.001001001001000992e-02 4.604604604604604912e-02 0.000000000000000000e+00 2.227227227227227338e-02 0.000000000000000000e+00 0.000000000000000000e+00 1.043543543543543478e-01 7.857857857857858397e-02 3.953953953953953659e-02 0.000000000000000000e+00 0.000000000000000000e+00 0.000000000000000000e+00 6.356356356356356041e-02 1.726726726726726668e-02 6.206206206206206499e-02 1.471471471471471337e-01 1.433933933933933813e-01 1.644144144144144282e-01
1.468373493975903658e-02 6.777108433734939895e-03 5.647590361445783101e-03 1.317771084337349477e-02 0.000000000000000000e+00 9.036144578313252615e-03 2.259036144578313154e-03 1.091867469879518118e-02 1.656626506024096515e-02 0.000000000000000000e+00 3.388554216867469947e-03 0.000000000000000000e+00 0.000000000000000000e+00 2.183734939759036237e-02 8.019578313253011848e-01 1.731927710843373519e-02 0.000000000000000000e+00 0.000000000000000000e+00 0.000000000000000000e+00 7.530120481927710802e-03 5.271084337349397214e-03 6.777108433734939895e-03 2.371987951807228920e-02 3.313253012048193030e-02 0.000000000000000000e+00
6.030515863405182947e-02 6.103172681036570651e-02 7.096149188665536178e-02 7.096149188665536178e-02 0.000000000000000000e+00 6.442237829983046837e-02 6.950835553402760769e-02 5.933640106563332212e-02 5.255509808670380534e-02 0.000000000000000000e+00 5.788326471300556803e-02 0.000000000000000000e+00 0.000000000000000000e+00 5.933640106563332212e-02 0.000000000000000000e+00 5.255509808670380534e-02 0.000000000000000000e+00 0.000000000000000000e+00 0.000000000000000000e+00 5.594574957616856720e-02 7.435214337612013058e-02 4.577379510777428162e-02 6.103172681036570651e-02 8.403971906030516248e-02 0.000000000000000000e+00
1.703577512776831369e-03 8.517887563884156410e-03 4.258943781942078205e-03 2.129471890971039102e-03 0.000000000000000000e+00 1.703577512776831369e-03 6.814310051107325475e-03 6.814310051107325475e-03 6.388415672913117307e-03 0.000000000000000000e+00 6.814310051107325475e-03 0.000000000000000000e+00 0.000000000000000000e+00 4.258943781942078422e-04 0.000000000000000000e+00 8.517887563884156410e-03 0.000000000000000000e+00 0.000000000000000000e+00 0.000000000000000000e+00 2.129471890971039102e-03 4.258943781942078205e-03 1.703577512776831369e-03 9.378194207836456631e-01 0.000000000000000000e+00 0.000000000000000000e+00
4.752376188094047105e-02 1.050525262631315723e-02 2.201100550275137541e-02 1.400700350175087573e-02 5.802901450725362481e-02 1.950975487743871958e-02 7.653826913456727998e-02 5.802901450725362481e-02 3.001500750375187595e-03 6.703351675837919410e-02 1.500750375187593797e-03 1.550775387693846888e-02 1.320660330165082663e-01 1.570785392696348037e-01 1.050525262631315723e-02 9.004502251125562351e-03 6.203101550775387552e-02 1.500750375187593797e-03 2.551275637818909564e-02 2.201100550275137541e-02 1.175587793896948480e-01 3.851925962981490870e-02 1.150575287643821991e-02 7.003501750875437866e-03 1.250625312656328085e-02
1.383484651967142182e-02 1.686121919584954512e-02 4.323389537397319751e-03 1.478599221789883289e-01 1.772589710332900942e-02 1.037613488975356636e-02 4.193687851275399586e-02 5.663640293990488545e-02 2.334630350194552562e-01 2.594033722438391591e-03 2.594033722438391591e-03 2.594033722438391591e-03 6.571552096843925883e-02 0.000000000000000000e+00 2.594033722438391591e-03 3.631647211413748660e-02 5.750108084738434627e-02 1.469952442715088611e-02 4.280155642023346363e-02 1.383484651967142182e-02 1.331603977518374393e-01 2.075226977950713272e-02 1.556420233463035041e-02 4.193687851275399586e-02 4.323389537397319751e-03
3.544702638834186775e-03 7.877116975187082107e-03 1.457266640409610008e-02 5.868452146514376022e-02 1.417881055533674606e-01 2.756990941315478651e-03 2.756990941315478651e-03 9.925167388735722795e-02 0.000000000000000000e+00 1.662071681764474285e-01 4.253643166601023956e-02 1.662071681764474285e-01 3.150846790074832843e-02 0.000000000000000000e+00 1.732965734541157959e-02 5.868452146514376022e-02 1.496652225285545479e-02 3.465931469082315919e-02 2.599448601811736939e-02 1.496652225285545479e-02 4.214257581725088658e-02 6.301693580149664992e-03 1.024025206774320518e-02 2.678219771563607882e-02 1.024025206774320518e-02
1.239157372986369327e-02 1.652209830648492450e-03 1.652209830648492450e-03 1.734820322180917126e-02 7.876910367616687392e-01 5.369681949607600299e-03 1.073936389921520060e-02 1.652209830648492320e-02 0.000000000000000000e+00 0.000000000000000000e+00 1.982651796778190853e-02 6.195786864931846633e-03 6.195786864931846633e-03 0.000000000000000000e+00 4.130524576621230799e-03 1.652209830648492450e-03 6.195786864931846633e-03 2.602230483271375516e-02 1.569599339116067860e-02 1.239157372986369327e-02 1.486988847583643053e-02 7.434944237918215265e-03 1.900041305245766046e-02 5.369681949607600299e-03 1.652209830648492450e-03
7.680491551459293388e-03 5.069124423963133896e-02 5.811571940604198794e-02 8.141321044546850905e-02 0.000000000000000000e+00 5.760368663594470084e-02 3.737839221710189536e-02 2.014848950332821242e-01 0.000000000000000000e+00 0.000000000000000000e+00 2.662570404505888375e-02 1.456733230926779421e-01 8.806963645673322738e-02 0.000000000000000000e+00 1.100870455709165342e-02 7.680491551459293388e-03 5.939580133128520567e-02 3.072196620583717355e-03 2.252944188428059394e-02 4.864311315924219579e-03 7.910906298003071713e-02 1.868919610855094768e-02 1.868919610855094768e-02 7.680491551459293388e-03 1.254480286738351297e-02
3.588087549336203917e-03 6.817366343738787485e-03 1.291711517761033427e-02 1.937567276641550054e-02 0.000000000000000000e+00 4.305705059203444179e-03 2.870470039468963220e-03 0.000000000000000000e+00 0.000000000000000000e+00 0.000000000000000000e+00 2.870470039468963220e-03 6.458557588805167136e-03 8.288482238966631277e-01 0.000000000000000000e+00 7.534983853606028181e-03 6.458557588805167136e-03 1.399354144241119445e-02 9.329027628274129055e-03 2.691065662002152872e-02 4.305705059203444179e-03 1.471115895227843515e-02 2.870470039468963220e-03 1.184068891280947236e-02 1.291711517761033427e-02 1.076426264800861045e-03
5.825017405430494427e-02 3.318635414249245658e-02 3.156184729635646419e-02 6.474820143884892076e-02 0.000000000000000000e+00 5.964260849385007862e-02 2.761661638431190530e-02 0.000000000000000000e+00 0.000000000000000000e+00 0.000000000000000000e+00 1.406358783940589441e-01 1.281039684381526933e-01 0.000000000000000000e+00 0.000000000000000000e+00 3.318635414249245658e-02 1.387792991413321075e-01 5.755395683453237710e-02 1.462056161522395058e-02 1.972615456022279098e-02 1.879786493385936577e-02 7.588767695521002332e-02 9.050823857043397563e-03 3.016941285681132637e-02 2.761661638431190530e-02 3.086563007658389354e-02
7.677543186180422639e-04 1.266794625719769654e-02 7.677543186180422639e-04 3.071017274472169056e-03 0.000000000000000000e+00 2.149712092130518296e-02 3.531669865642994566e-02 0.000000000000000000e+00 0.000000000000000000e+00 0.000000000000000000e+00 0.000000000000000000e+00 1.067178502879078672e-01 0.000000000000000000e+00 0.000000000000000000e+00 7.677543186180422639e-04 2.994241842610364732e-02 5.094049904030709675e-01 2.610364683301343719e-02 8.829174664107486414e-03 9.980806142034549105e-03 1.800383877159308921e-01 1.727447216890595078e-02 1.151631477927063385e-02 1.880998080614203552e-02 6.525911708253359297e-03
6.524353577871316867e-02 7.245941070354780522e-02 6.524353577871316867e-02 5.261575466025255471e-02 0.000000000000000000e+00 6.193625977149729706e-02 5.622369212266987298e-02 0.000000000000000000e+00 0.000000000000000000e+00 0.000000000000000000e+00 0.000000000000000000e+00 5.441972339146121385e-02 0.000000000000000000e+00 0.000000000000000000e+00 6.013229104028863792e-02 6.524353577871316867e-02 0.000000000000000000e+00 6.374022850270595619e-02 3.728202044497895551e-02 5.802766085387853212e-02 7.937462417318100205e-02 6.524353577871316867e-02 4.119061936259771350e-02 4.900781719783523643e-02 5.261575466025255471e-02
4.418912947414936100e-04 2.209456473707468050e-03 1.016349977905435346e-02 4.418912947414936100e-04 0.000000000000000000e+00 3.977021652673442056e-03 2.651347768448961660e-03 0.000000000000000000e+00 0.000000000000000000e+00 0.000000000000000000e+00 0.000000000000000000e+00 1.016349977905435346e-02 0.000000000000000000e+00 0.000000000000000000e+00 5.744586831639416497e-03 9.315068493150684414e-01 0.000000000000000000e+00 3.977021652673442056e-03 4.418912947414936100e-04 1.060539107379584664e-02 0.000000000000000000e+00 4.418912947414936100e-04 6.628369421122403717e-03 1.325673884224480830e-03 9.279717189571365377e-03
1.700850425212606376e-02 1.100550275137568770e-02 1.245622811405702884e-01 1.150575287643821991e-02 1.000500250125062503e-02 1.700850425212606376e-02 1.600800400200099935e-02 1.700850425212606376e-02 5.552776388194097246e-02 1.500750375187593797e-03 7.253626813406703622e-02 3.151575787893946823e-02 1.305652826413206680e-01 5.552776388194097246e-02 3.851925962981490870e-02 6.153076538269134504e-02 7.403701850925462069e-02 6.303151575787893646e-02 3.601800900450224940e-02 7.903951975987993928e-02 1.500750375187593841e-02 2.201100550275137541e-02 1.100550275137568770e-02 1.000500250125062503e-02 1.850925462731365517e-02
1.061946902654867242e-02 5.752212389380530894e-03 5.707964601769911772e-02 9.734513274336283051e-02 1.327433628318584191e-01 1.725663716814159268e-02 1.592920353982300863e-02 1.415929203539822989e-02 1.955752212389380573e-01 1.725663716814159268e-02 4.380530973451327720e-02 2.123893805309734484e-02 0.000000000000000000e+00 1.283185840707964584e-02 3.318584070796460478e-02 2.035398230088495547e-02 1.309734513274336265e-01 1.725663716814159268e-02 1.946902654867256610e-02 5.752212389380530894e-03 1.946902654867256610e-02 9.026548672566371556e-02 1.194690265486725647e-02 2.654867256637168105e-03 7.079646017699114946e-03
5.407619827939368767e-02 1.229004506349856696e-03 4.588283490372797868e-02 1.966407210159770713e-02 2.826710364604670053e-02 6.554690700532568755e-03 1.229004506349856696e-03 5.596067185579680636e-01 0.000000000000000000e+00 9.053666530110610067e-02 5.735354362965997335e-03 3.236378533387955503e-02 0.000000000000000000e+00 9.422367882015567422e-03 1.106104055714871026e-02 7.374027038099139307e-03 8.193363375665710727e-03 9.422367882015567422e-03 4.588283490372797868e-02 8.193363375665710727e-03 4.465383039737812199e-02 1.229004506349856696e-03 4.096681687832855363e-03 4.096681687832855363e-03 1.229004506349856696e-03
2.704309063893016452e-02 4.219910846953937866e-02 6.745913818722139299e-02 1.280832095096582357e-01 1.575037147102525958e-02 3.774145616641901707e-02 1.872213967310549718e-02 0.000000000000000000e+00 0.000000000000000000e+00 1.069836552748885602e-02 6.240713224368499637e-03 1.188707280832095037e-02 0.000000000000000000e+00 3.060921248142644754e-02 5.319465081723625394e-02 1.664190193164933121e-02 1.001485884101040169e-01 8.647845468053491635e-02 5.497771173848439719e-02 3.506686478454680567e-02 6.092124814264487237e-02 9.658246656760773041e-02 5.408618127786032903e-02 2.971768202080237592e-02 1.575037147102525958e-02
2.177485620377978687e-02 4.108463434675431632e-03 6.536565324568611723e-01 0.000000000000000000e+00 8.216926869350862396e-04 8.216926869350862396e-04 9.860312243221034875e-03 0.000000000000000000e+00 0.000000000000000000e+00 8.216926869350862396e-04 3.245686113393590755e-02 1.972062448644206975e-02 0.000000000000000000e+00 3.615447822514379628e-02 1.232539030402629403e-02 3.820870994248150992e-02 3.985209531635168501e-02 4.190632703368939865e-02 1.150369761709120822e-02 4.108463434675431632e-03 1.150369761709120822e-02 2.013147082990961526e-02 7.395234182415776590e-03 3.697617091207888295e-03 2.917009038619556432e-02
1.865775549986076198e-02 6.126427179058757666e-03 0.000000000000000000e+00 0.000000000000000000e+00 1.921470342522973995e-02 1.253132832080200432e-02 2.060707323865218488e-02 0.000000000000000000e+00 0.000000000000000000e+00 1.392369813422444924e-02 2.673350041771094254e-02 2.311333890281258574e-02 0.000000000000000000e+00 6.655527708159286737e-02 2.311333890281258574e-02 2.812587023113338747e-02 8.075744917850180560e-02 3.221943748259537554e-01 4.761904761904761640e-02 1.253132832080200432e-02 1.885268727373990427e-01 2.311333890281258574e-02 3.870788081314396889e-02 1.531606794764689417e-02 1.253132832080200432e-02
3.485424588086185205e-03 1.394169835234474082e-02 0.000000000000000000e+00 0.000000000000000000e+00 1.267427122940430846e-03 1.330798479087452399e-02 1.267427122940430846e-03 0.000000000000000000e+00 0.000000000000000000e+00 1.520912547528517102e-02 6.337135614702154229e-04 6.020278833967046897e-03 0.000000000000000000e+00 5.640050697084917491e-02 1.267427122940430846e-03 2.186311787072243301e-02 6.210392902408111704e-01 0.000000000000000000e+00 4.784537389100126936e-02 3.485424588086185205e-03 1.128010139416983498e-01 2.503168567807351197e-02 7.921419518377693925e-03 1.932826362484157262e-02 2.788339670468948164e-02
6.011619095731245144e-02 6.516797171002779165e-02 0.000000000000000000e+00 0.000000000000000000e+00 6.011619095731245144e-02 3.409952008082849095e-02 4.319272543571608947e-02 0.000000000000000000e+00 0.000000000000000000e+00 3.940388987117959124e-02 6.011619095731245144e-02 3.940388987117959124e-02 0.000000000000000000e+00 7.653447840363727939e-02 5.935842384440515040e-02 4.470825966153069153e-02 0.000000000000000000e+00 0.000000000000000000e+00 6.996716342510735098e-02 4.319272543571608947e-02 6.693609497347814685e-02 8.764839605961101399e-02 4.824450618843142274e-02 4.319272543571608947e-02 5.860065673149785631e-02
1.150895140664961666e-02 1.023017902813299317e-02 0.000000000000000000e+00 0.000000000000000000e+00 4.262574595055413458e-04 4.262574595055413458e-04 4.262574595055413675e-03 0.000000000000000000e+00 0.000000000000000000e+00 7.672634271099744441e-03 4.262574595055413458e-04 3.836317135549872220e-03 0.000000000000000000e+00 1.193520886615515725e-02 6.820119352088661532e-03 9.377664109121910258e-03 0.000000000000000000e+00 0.000000000000000000e+00 1.747655583972719529e-02 4.262574595055413458e-04 8.930093776641091496e-01 0.000000000000000000e+00 4.262574595055413458e-04 1.150895140664961666e-02 1.023017902813299317e-02
1.700850425212606376e-02 1.250625312656328085e-02 1.250625312656328085e-02 5.202601300650325222e-02 1.350675337668834353e-02 1.290645322661330696e-01 7.003501750875437866e-03 1.200600300150075038e-02 9.554777388694346563e-02 1.500750375187593797e-03 1.250625312656328085e-02 6.203101550775387552e-02 7.003501750875437692e-02 2.816408204102051061e-01 1.100550275137568770e-02 1.200600300150075038e-02 6.853426713356677857e-02 1.350675337668834353e-02 1.350675337668834353e-02 6.503251625812906528e-03 1.000500250125062503e-02 1.850925462731365517e-02 5.202601300650325222e-02 3.001500750375187595e-03 1.250625312656328085e-02
6.635441061670570295e-03 5.113192818110851023e-02 1.795472287275565876e-02 5.464480874316939886e-03 3.161592505854801116e-01 9.328649492583919456e-02 3.864168618266979049e-02 6.206088992974238827e-02 1.014832162373146066e-02 2.537080405932864990e-02 2.810304449648711941e-02 1.990632318501171089e-02 1.795472287275565876e-02 0.000000000000000000e+00 1.678376268540203095e-02 3.356752537080406190e-02 1.209992193598750931e-02 6.635441061670570295e-03 6.635441061670570295e-03 1.209992193598750931e-02 8.977361436377830073e-02 4.293520686963310344e-03 3.786104605776736964e-02 2.537080405932864990e-02 6.206088992974238827e-02
2.954788180847276596e-02 1.601993592025631810e-02 5.233179067283730973e-02 2.527589889640441401e-02 0.000000000000000000e+00 4.414382342470630355e-02 1.434674261302954779e-01 5.695977216091135942e-03 8.401566393734424820e-02 2.029191883232467006e-02 1.459594161623353585e-02 7.974368102527590318e-02 5.660377358490566169e-02 0.000000000000000000e+00 3.559985760056959964e-02 4.983980064079743949e-03 9.611961552153791555e-02 3.025987896048415796e-02 1.067995728017087989e-02 2.954788180847276596e-02 1.139195443218227188e-01 4.983980064079743949e-03 2.527589889640441401e-02 3.203987184051263620e-02 4.485582057671769207e-02
2.414654454621149166e-02 2.955870108243130803e-02 1.873438800999167528e-02 1.290591174021648614e-02 0.000000000000000000e+00 2.497918401332223110e-03 0.000000000000000000e+00 1.032472939217318891e-01 3.030807660283097449e-01 1.498751040799333953e-02 1.373855120732722646e-02 3.413821815154038236e-02 1.873438800999167528e-02 0.000000000000000000e+00 1.290591174021648614e-02 9.741881765195670173e-02 9.825145711906745072e-02 3.039134054954204661e-02 1.956702747710241386e-02 8.742714404662781102e-03 6.369691923397169386e-02 9.575353871773521416e-03 4.746044962531224126e-02 5.412156536219817245e-03 3.080766028309741764e-02
8.434176751008434086e-03 4.180418041804180584e-02 9.900990099009901110e-03 4.400440044004400204e-03 0.000000000000000000e+00 2.566923359002566858e-03 0.000000000000000000e+00 5.133846718005133716e-03 0.000000000000000000e+00 9.900990099009901110e-03 1.540154015401540115e-02 3.729372937293729540e-01 1.873854052071873832e-01 0.000000000000000000e+00 1.100110011001100181e-02 2.016868353502017028e-02 3.557022368903556969e-02 4.547121378804547254e-02 1.246791345801246710e-02 1.246791345801246710e-02 1.345801246791345773e-01 1.466813348001466850e-02 3.153648698203153494e-02 1.320132013201320148e-02 1.100110011001100181e-02
4.310344827586206837e-03 5.338196286472148694e-02 6.167108753315649755e-02 4.442970822281167020e-02 0.000000000000000000e+00 2.221485411140583510e-02 0.000000000000000000e+00 8.952254641909815000e-03 0.000000000000000000e+00 1.591511936339522551e-02 9.946949602122015510e-03 0.000000000000000000e+00 7.460212201591512327e-02 0.000000000000000000e+00 2.553050397877984143e-02 2.917771883289124735e-02 1.677718832891246792e-01 5.603448275862069061e-02 2.022546419098143408e-02 2.221485411140583510e-02 1.541777188328912473e-01 1.472148541114058351e-01 1.856763925729442918e-02 5.172413793103448204e-02 1.193633952254641827e-02
3.192338387869114291e-03 7.182761372705506395e-03 7.980845969672785076e-03 6.384676775738228581e-03 0.000000000000000000e+00 3.192338387869114291e-03 0.000000000000000000e+00 4.788507581803671219e-03 0.000000000000000000e+00 1.197126895450917805e-03 8.379888268156424416e-03 0.000000000000000000e+00 8.156424581005586871e-01 0.000000000000000000e+00 1.117318435754189980e-02 2.593774940143655366e-02 0.000000000000000000e+00 4.788507581803671219e-03 1.316839584996009650e-02 1.197126895450917805e-03 5.666400638467677248e-02 1.197126895450917805e-03 1.636073423782920949e-02 3.192338387869114291e-03 8.379888268156424416e-03
1.360039564787339332e-02 8.308605341246290410e-02 5.934718100890207931e-02 2.126607319485657871e-02 0.000000000000000000e+00 4.797230464886251267e-02 0.000000000000000000e+00 2.621167161226508474e-02 0.000000000000000000e+00 2.373887240356083173e-02 1.533135509396637078e-02 0.000000000000000000e+00 0.000000000000000000e+00 0.000000000000000000e+00 1.533135509396637078e-02 4.896142433234421110e-02 0.000000000000000000e+00 9.841740850642927141e-02 9.545004945598417612e-02 1.261127596439169142e-02 1.085558852621167220e-01 7.912957467853609997e-03 1.864490603363006815e-01 7.640949554896142581e-02 5.934718100890207931e-02
3.814021067925899011e-02 5.230657464584090310e-02 1.289502361060660962e-01 3.196512895023610745e-02 0.000000000000000000e+00 6.792589901925172313e-02 0.000000000000000000e+00 1.307664366146022578e-02 0.000000000000000000e+00 2.106792589901925264e-02 1.380312386487468276e-02 0.000000000000000000e+00 0.000000000000000000e+00 0.000000000000000000e+00 1.162368325463131180e-02 6.211405739193606723e-02 0.000000000000000000e+00 1.743552488194696770e-02 1.238648746821649077e-01 3.087540864511442024e-02 1.798038503450780923e-01 1.489284416999636824e-02 0.000000000000000000e+00 1.561932437341082558e-01 3.596077006901562262e-02
3.608660785886126654e-03 3.608660785886126654e-03 3.608660785886126654e-03 3.728949478748997542e-02 0.000000000000000000e+00 2.044907778668805104e-02 0.000000000000000000e+00 2.726543704891740139e-02 0.000000000000000000e+00 5.613472333600641462e-03 9.623095429029671077e-03 0.000000000000000000e+00 0.000000000000000000e+00 0.000000000000000000e+00 1.242983159582999181e-02 7.646351242983159269e-01 0.000000000000000000e+00 2.044907778668805104e-02 1.363271852445870069e-02 2.606255012028869250e-02 0.000000000000000000e+00 2.967121090617481916e-02 0.000000000000000000e+00 8.420208500400962193e-03 1.363271852445870069e-02
1.792114695340501704e-02 7.629288274449565199e-02 9.728622631848439159e-03 8.960573476702508519e-03 0.000000000000000000e+00 1.868919610855094768e-02 0.000000000000000000e+00 3.686635944700460826e-02 0.000000000000000000e+00 1.689708141321044632e-02 5.632360471070148485e-03 0.000000000000000000e+00 0.000000000000000000e+00 0.000000000000000000e+00 5.581157194060419602e-02 0.000000000000000000e+00 0.000000000000000000e+00 1.635944700460829626e-01 7.936507936507936067e-03 4.068100358422939156e-01 0.000000000000000000e+00 3.046594982078853001e-02 0.000000000000000000e+00 1.287762416794674958e-01 1.561699948796723032e-02
3.567447045707915210e-02 4.570791527313266406e-02 2.692307692307692180e-01 3.567447045707915210e-02 0.000000000000000000e+00 4.069119286510591155e-02 0.000000000000000000e+00 2.731326644370122778e-02 0.000000000000000000e+00 6.131549609810479050e-03 1.309921962095875192e-02 0.000000000000000000e+00 0.000000000000000000e+00 0.000000000000000000e+00 6.577480490523968104e-02 0.000000000000000000e+00 0.000000000000000000e+00 2.201783723522853994e-02 6.716833890746934377e-02 0.000000000000000000e+00 0.000000000000000000e+00 1.967670011148272002e-01 0.000000000000000000e+00 7.943143812709030360e-02 9.531772575250836710e-02
7.723440134907251509e-02 3.747048903878583692e-01 0.000000000000000000e+00 1.831365935919055665e-01 0.000000000000000000e+00 1.413153456998313684e-01 0.000000000000000000e+00 9.780775716694773206e-03 0.000000000000000000e+00 2.360876897133221044e-03 6.408094435075885505e-03 0.000000000000000000e+00 0.000000000000000000e+00 0.000000000000000000e+00 2.192242833052276615e-02 0.000000000000000000e+00 0.000000000000000000e+00 9.409780775716694579e-02 2.360876897133221044e-03 0.000000000000000000e+00 0.000000000000000000e+00 2.799325463743676176e-02 0.000000000000000000e+00 1.483979763912310346e-02 4.384485666104553231e-02
7.099261162865402874e-02 0.000000000000000000e+00 0.000000000000000000e+00 6.553164150337295601e-02 0.000000000000000000e+00 2.987471892065531737e-02 0.000000000000000000e+00 3.854802441374879235e-02 0.000000000000000000e+00 1.072920012849341437e-01 1.895277867009315803e-02 0.000000000000000000e+00 0.000000000000000000e+00 0.000000000000000000e+00 1.265660134918085433e-01 0.000000000000000000e+00 0.000000000000000000e+00 1.243173787343398590e-01 8.769675554127850936e-02 0.000000000000000000e+00 0.000000000000000000e+00 1.400578220366206217e-01 0.000000000000000000e+00 9.572759396080951499e-02 9.444265981368454854e-02
8.206811653672548001e-03 0.000000000000000000e+00 0.000000000000000000e+00 9.027492819039802802e-03 0.000000000000000000e+00 4.103405826836274001e-03 0.000000000000000000e+00 6.975789905621665801e-03 0.000000000000000000e+00 4.513746409519901401e-03 4.103405826836274001e-03 0.000000000000000000e+00 0.000000000000000000e+00 0.000000000000000000e+00 8.617152236356175402e-03 0.000000000000000000e+00 0.000000000000000000e+00 4.924086992203528801e-03 9.363972096840377235e-01 0.000000000000000000e+00 0.000000000000000000e+00 0.000000000000000000e+00 0.000000000000000000e+00 6.155108740254411001e-03 6.975789905621665801e-03
8.432609203457136493e-02 0.000000000000000000e+00 0.000000000000000000e+00 1.023125437981780017e-01 0.000000000000000000e+00 1.023125437981780017e-01 0.000000000000000000e+00 1.165615510394767546e-01 0.000000000000000000e+00 1.051156271899088973e-01 9.343611305769679298e-02 0.000000000000000000e+00 0.000000000000000000e+00 0.000000000000000000e+00 1.109553842560149495e-01 0.000000000000000000e+00 0.000000000000000000e+00 1.193646344312076640e-01 0.000000000000000000e+00 0.000000000000000000e+00 0.000000000000000000e+00 0.000000000000000000e+00 0.000000000000000000e+00 8.736276570894650761e-02 7.825274468582106568e-02
9.928514694201747565e-03 0.000000000000000000e+00 0.000000000000000000e+00 1.191421763304209742e-02 0.000000000000000000e+00 1.628276409849086642e-02 0.000000000000000000e+00 4.368546465448768998e-03 0.000000000000000000e+00 1.270849880857823598e-02 1.985702938840349426e-03 0.000000000000000000e+00 0.000000000000000000e+00 0.000000000000000000e+00 1.032565528196981684e-02 0.000000000000000000e+00 0.000000000000000000e+00 0.000000000000000000e+00 0.000000000000000000e+00 0.000000000000000000e+00 0.000000000000000000e+00 0.000000000000000000e+00 0.000000000000000000e+00 4.662430500397140576e-01 4.662430500397140576e-01
5.002501250625312514e-03 1.800900450225112470e-02 2.301150575287643982e-02 4.002001000500249837e-03 7.003501750875437692e-02 1.800900450225112470e-02 1.300650325162581306e-02 1.550775387693846888e-02 6.853426713356677857e-02 2.001000500250125005e-02 1.800900450225112470e-02 9.454727363681840469e-02 1.160580290145072496e-01 4.102051025512756105e-02 1.650825412706353329e-02 1.950975487743871958e-02 4.602301150575287964e-02 1.780890445222611251e-01 1.550775387693846888e-02 7.003501750875437866e-03 5.902951475737869269e-02 2.701350675337668705e-02 6.953476738369183952e-02 1.500750375187593841e-02 2.201100550275137541e-02
2.547770700636942543e-03 2.547770700636942803e-02 1.783439490445859824e-02 6.794055201698514027e-03 6.624203821656050872e-02 3.312101910828025436e-02 1.430997876857749429e-01 7.770700636942674822e-02 1.800424628450106035e-01 9.341825902335456136e-03 9.893842887473461301e-02 1.656050955414012718e-02 3.014861995753715523e-02 8.577494692144373156e-02 1.953290870488322631e-02 2.547770700636942543e-03 2.250530785562632544e-02 0.000000000000000000e+00 4.416135881104033684e-02 1.443736730360934209e-02 1.019108280254777017e-02 5.350318471337579818e-02 2.250530785562632544e-02 1.146496815286624123e-02 5.520169851380042104e-03
4.333470903838217148e-02 2.888980602558811200e-03 5.406520841931489879e-02 2.022286421791167840e-02 3.714403631861329120e-03 1.444490301279405774e-02 3.136607511349566446e-02 2.567065621130829589e-01 0.000000000000000000e+00 3.714403631861329120e-03 4.581097812628972393e-02 1.353693768056128677e-01 8.666941807676434295e-02 2.311184482047048960e-02 2.600082542302930080e-02 1.650846058605035188e-03 2.806438299628559799e-02 0.000000000000000000e+00 6.603384234420140754e-03 1.568303755674783223e-02 4.581097812628972393e-02 5.406520841931489879e-02 6.438299628559636389e-02 3.136607511349566446e-02 4.952538175815104915e-03
1.907668828691339025e-02 3.433803891644410678e-03 3.548264021365890586e-02 2.670736360167874981e-02 4.578405188859213659e-03 8.775276611980159513e-03 6.867607783288821356e-03 0.000000000000000000e+00 0.000000000000000000e+00 3.128576879053796000e-02 5.723006486074017941e-03 2.899656619610835664e-02 7.241510873712323493e-01 4.578405188859213659e-03 8.775276611980159513e-03 3.433803891644410678e-03 5.723006486074017941e-03 0.000000000000000000e+00 9.538344143456695123e-03 2.289202594429606830e-03 5.723006486074017941e-03 1.487981686379244613e-02 2.251049217855780396e-02 1.602441816100724781e-02 1.144601297214803588e-02
2.052861175263022767e-02 8.981267641775725688e-03 1.077752117013086944e-02 1.565306646138054855e-02 1.021298434693353879e-01 1.847575057736720525e-02 2.181164998716961928e-02 0.000000000000000000e+00 0.000000000000000000e+00 1.939953810623556707e-01 7.005388760585065655e-02 7.492943289710032873e-02 0.000000000000000000e+00 4.234026173979984348e-02 4.618937644341801312e-03 7.800872465999486582e-02 6.363869643315370195e-02 0.000000000000000000e+00 7.185014113420580203e-03 1.642288940210418283e-02 1.293302540415704471e-01 1.462663587374903734e-02 3.207595586348473138e-02 1.796253528355145138e-02 5.645368231973312695e-02
7.985480943738656329e-03 4.355716878402904162e-03 1.234119782214156136e-02 1.451905626134301170e-03 7.615245009074410598e-01 1.451905626134301170e-03 2.686025408348457350e-02 0.000000000000000000e+00 0.000000000000000000e+00 0.000000000000000000e+00 5.081669691470054422e-03 1.633393829401088779e-02 0.000000000000000000e+00 3.303085299455535417e-02 1.415607985480943701e-02 2.141560798548094308e-02 5.081669691470054422e-03 0.000000000000000000e+00 1.705989110707804152e-02 5.807622504537204682e-03 2.214156079854809334e-02 2.540834845735027211e-03 1.633393829401088779e-02 7.985480943738656329e-03 1.705989110707804152e-02
4.198193800341713106e-02 6.590187942396875942e-02 5.125701732975347646e-02 1.830607761776910022e-02 0.000000000000000000e+00 1.098364657066145875e-02 6.394923114474004855e-02 0.000000000000000000e+00 0.000000000000000000e+00 0.000000000000000000e+00 1.728093727117402945e-01 1.012936294849890173e-01 0.000000000000000000e+00 1.830607761776910022e-02 2.733707590920185504e-02 1.110568708811325300e-01 9.958506224066389356e-02 0.000000000000000000e+00 2.221137417622650809e-02 3.636807420063461332e-02 4.637539663168172011e-02 2.514034659506956398e-02 2.733707590920185504e-02 4.979253112033194678e-02 1.000732243104710678e-02
3.324713705208718218e-03 3.176948651643886345e-02 1.625415589213151032e-02 3.324713705208718218e-03 0.000000000000000000e+00 4.506834133727373459e-02 5.910602142593276639e-03 0.000000000000000000e+00 0.000000000000000000e+00 0.000000000000000000e+00 0.000000000000000000e+00 1.400073882526782498e-01 0.000000000000000000e+00 3.398596231991134198e-02 7.757665312153675698e-03 5.334318433690432570e-01 7.388252678241595799e-04 0.000000000000000000e+00 4.765422977465829518e-02 1.625415589213151032e-02 5.430365718507573075e-02 3.398596231991134198e-02 2.068710749907646737e-02 7.388252678241595799e-04 4.802364240857037378e-03
5.720092915214866625e-02 5.720092915214866625e-02 5.197444831591173375e-02 6.562137049941928202e-02 0.000000000000000000e+00 5.865272938443669842e-02 5.894308943089431041e-02 0.000000000000000000e+00 0.000000000000000000e+00 0.000000000000000000e+00 0.000000000000000000e+00 6.039488966318234953e-02 0.000000000000000000e+00 5.371660859465737792e-02 6.213704994192799369e-02 0.000000000000000000e+00 6.387921022067363785e-02 0.000000000000000000e+00 6.039488966318234953e-02 5.894308943089431041e-02 5.894308943089431041e-02 5.720092915214866625e-02 5.545876887340302208e-02 6.213704994192799369e-02 5.720092915214866625e-02
4.494382022471910291e-04 4.494382022471910508e-03 4.494382022471910291e-04 0.000000000000000000e+00 0.000000000000000000e+00 5.842696629213483053e-03 4.494382022471910291e-04 0.000000000000000000e+00 0.000000000000000000e+00 0.000000000000000000e+00 0.000000000000000000e+00 4.539325842696629310e-01 0.000000000000000000e+00 4.494382022471910508e-03 1.033707865168539269e-02 0.000000000000000000e+00 4.534831460674157433e-01 0.000000000000000000e+00 8.988764044943821016e-03 7.191011235955056466e-03 7.191011235955056466e-03 7.640449438202247603e-03 1.662921348314606862e-02 7.191011235955056466e-03 1.123595505617977497e-02
1.200600300150075038e-02 1.500750375187593797e-03 4.552276138069034223e-02 1.550775387693846888e-02 1.550775387693846888e-02 1.600800400200099935e-02 9.054527263631816092e-02 2.951475737868934635e-02 7.403701850925462069e-02 7.303651825912955975e-02 1.500750375187593797e-03 2.096048024012006072e-01 1.320660330165082663e-01 1.065532766383191637e-01 1.350675337668834353e-02 6.503251625812906528e-03 3.001500750375187595e-03 1.000500250125062503e-02 1.600800400200099935e-02 8.004002001000499675e-03 2.151075537768884494e-02 2.051025512756378053e-02 1.850925462731365517e-02 6.503251625812906528e-03 5.302651325662831316e-02
2.605459057071960252e-02 3.349875930521091505e-02 3.556658395368073045e-02 1.323407775020678245e-02 6.534325889164599444e-02 2.894954507857733662e-03 5.086848635235732136e-02 4.383788254755996427e-02 5.789909015715467150e-02 2.977667493796526052e-02 2.894954507857733575e-02 0.000000000000000000e+00 3.473945409429280567e-02 2.729528535980148968e-02 6.617038875103391227e-02 3.349875930521091505e-02 1.637717121588089242e-01 4.135649296939619517e-03 6.079404466501240473e-02 5.789909015715467323e-03 1.261373035566583922e-01 2.894954507857733662e-03 5.004135649296939659e-02 2.150537634408602322e-02 1.530190239867659265e-02
2.964509394572024947e-02 2.881002087682672103e-02 7.515657620041753424e-03 1.085594989561586635e-02 7.056367432150313646e-02 1.336116910229645169e-02 1.139874739039666018e-01 1.670146137787056461e-03 2.379958246346555381e-02 1.002087682672233790e-02 1.503131524008350685e-02 0.000000000000000000e+00 1.511482254697286143e-01 1.544885177453027107e-02 5.845511482254697397e-03 1.039665970772442605e-01 0.000000000000000000e+00 1.331941544885177353e-01 8.643006263048017002e-02 1.711899791231732623e-02 4.258872651356993694e-02 5.302713987473903906e-02 3.549060542797494860e-02 2.881002087682672103e-02 1.670146137787056461e-03
6.773920406435224133e-03 1.439458086367485096e-02 3.513971210838272990e-02 2.582557154953429163e-02 1.439458086367485096e-02 1.185436071126164288e-02 7.662997459779848086e-02 1.100762066045724019e-02 2.921253175275190586e-02 1.270110076206604557e-02 4.657070279424216537e-03 0.000000000000000000e+00 0.000000000000000000e+00 1.439458086367485096e-02 3.386960203217612066e-03 6.096528365791702153e-02 0.000000000000000000e+00 4.784081287044877340e-01 2.243861134631668086e-02 1.270110076206604557e-02 3.175275190516511220e-02 2.328535139712108529e-02 5.461473327688399354e-02 4.953429297205758086e-02 5.927180355630821441e-03
