6.012024048096192320e-03 3.607214428857715566e-02 3.807615230460922179e-02 1.002004008016032094e-01 3.607214428857715566e-02 7.615230460921844358e-02 4.208416833667334711e-02 6.012024048096192320e-03 6.012024048096192147e-02 1.022044088176352755e-01 2.004008016032064049e-02 1.202404809619238464e-02 3.146292585170340494e-01 5.210420841683366389e-02 1.202404809619238464e-02 8.617234468937876035e-02
6.097560975609756309e-03 6.097560975609756309e-03 1.859756097560975596e-01 8.841463414634145868e-02 3.658536585365853439e-02 2.057926829268292568e-01 1.387195121951219634e-01 1.981707317073170757e-02 1.478658536585365779e-01 3.658536585365853439e-02 8.231707317073171104e-02 1.067073170731707397e-02 0.000000000000000000e+00 6.097560975609756309e-03 6.097560975609756309e-03 2.286585365853658486e-02
1.892744479495268167e-02 2.523659305993690774e-02 1.261829652996845387e-02 3.943217665615141726e-02 1.892744479495268167e-02 0.000000000000000000e+00 4.100946372239747673e-01 1.261829652996845352e-01 7.255520504731861886e-02 1.892744479495268167e-02 2.066246056782334306e-01 1.577287066246056690e-02 0.000000000000000000e+00 2.523659305993690774e-02 4.731861198738170418e-03 4.731861198738170418e-03
1.054018445322793193e-02 2.371541501976284425e-02 1.686429512516469109e-01 2.345191040843214725e-01 1.712779973649538809e-02 0.000000000000000000e+00 0.000000000000000000e+00 5.270092226613965966e-03 1.449275362318840597e-02 1.238471673254281924e-01 1.778656126482213440e-01 2.635046113306982810e-02 0.000000000000000000e+00 8.432147562582345546e-02 1.001317523056653447e-01 1.317523056653491405e-02
3.249630723781388175e-02 1.033973412112259953e-02 7.769571639586411171e-01 0.000000000000000000e+00 1.477104874446085597e-02 0.000000000000000000e+00 0.000000000000000000e+00 8.124076809453471826e-02 2.067946824224519906e-02 1.033973412112259953e-02 1.181683899556868617e-02 5.908419497784343083e-03 0.000000000000000000e+00 1.181683899556868617e-02 2.954209748892171541e-03 2.067946824224519906e-02
7.804878048780487798e-02 9.560975609756097726e-02 0.000000000000000000e+00 0.000000000000000000e+00 8.292682926829268719e-02 0.000000000000000000e+00 0.000000000000000000e+00 8.682926829268292068e-02 5.560975609756097643e-02 2.468292682926829240e-01 8.682926829268292068e-02 7.804878048780487798e-02 0.000000000000000000e+00 6.048780487804877870e-02 7.804878048780487798e-02 5.073170731707317416e-02
1.062416998671978675e-02 1.328021248339973344e-03 0.000000000000000000e+00 0.000000000000000000e+00 1.062416998671978675e-02 0.000000000000000000e+00 0.000000000000000000e+00 3.452855245683930652e-02 1.328021248339973344e-03 0.000000000000000000e+00 8.950863213811420804e-01 1.593625498007968100e-02 0.000000000000000000e+00 1.460823373173970700e-02 1.460823373173970700e-02 1.328021248339973344e-03
9.207161125319693329e-02 1.321398124467178248e-01 0.000000000000000000e+00 0.000000000000000000e+00 6.138107416879795553e-02 0.000000000000000000e+00 0.000000000000000000e+00 9.121909633418584518e-02 1.193520886615515725e-01 0.000000000000000000e+00 0.000000000000000000e+00 1.193520886615515725e-01 0.000000000000000000e+00 1.457800511508951513e-01 1.125319693094629092e-01 1.261722080136402357e-01
1.043219076005961338e-02 1.490312965722801787e-03 0.000000000000000000e+00 0.000000000000000000e+00 1.490312965722801787e-03 0.000000000000000000e+00 0.000000000000000000e+00 1.490312965722801787e-02 8.941877794336810722e-03 0.000000000000000000e+00 0.000000000000000000e+00 4.172876304023845351e-02 0.000000000000000000e+00 0.000000000000000000e+00 8.971684053651266533e-01 2.384500745156482859e-02
3.006012024048096073e-02 1.002004008016032024e-02 3.406813627254508953e-02 3.006012024048096073e-02 5.811623246492986228e-02 1.142284569138276584e-01 3.807615230460922179e-02 8.416833667334669422e-02 1.242484969939879752e-01 1.763527054108216530e-01 1.082164328657314600e-01 3.406813627254508953e-02 7.815631262525049583e-02 1.603206412825651170e-02 4.809619238476953856e-02 1.603206412825651170e-02
6.814310051107325475e-03 6.814310051107325475e-03 1.192504258943782001e-02 6.132879045996592754e-02 2.555366269165246923e-02 3.918228279386712365e-01 9.540034071550256012e-02 3.747870528109029098e-02 4.088586030664394938e-02 0.000000000000000000e+00 5.451448040885860380e-02 2.896081771720613457e-02 9.880749574105621158e-02 1.056218057921635423e-01 2.214650766609880736e-02 1.192504258943782001e-02
8.230452674897120041e-03 3.978052126200274513e-02 4.526748971193415849e-02 7.956104252400549026e-02 3.292181069958848016e-02 0.000000000000000000e+00 5.116598079561042178e-01 4.115226337448560021e-03 2.194787379972564997e-02 0.000000000000000000e+00 7.133058984910836675e-02 1.097393689986282499e-02 6.447187928669409485e-02 6.721536351165981193e-02 1.646090534979424008e-02 2.606310013717421173e-02
6.880733944954128822e-03 1.834862385321101019e-02 1.548165137614678777e-01 1.743119266055045968e-01 1.490825688073394578e-02 0.000000000000000000e+00 0.000000000000000000e+00 1.834862385321101019e-02 4.931192660550458989e-02 0.000000000000000000e+00 5.963302752293578313e-02 6.880733944954128822e-02 1.158256880733944949e-01 2.477064220183486376e-01 4.587155963302752548e-02 2.522935779816513902e-02
1.958041958041958214e-02 1.818181818181818094e-02 4.895104895104895187e-02 2.797202797202797200e-03 2.797202797202797200e-03 0.000000000000000000e+00 0.000000000000000000e+00 1.118881118881118880e-02 2.517482517482517654e-02 0.000000000000000000e+00 1.062937062937062971e-01 2.797202797202797200e-03 7.384615384615385025e-01 0.000000000000000000e+00 2.237762237762237760e-02 1.398601398601398600e-03
8.179162609542356410e-02 5.063291139240506250e-02 1.148977604673807190e-01 1.421616358325219209e-01 8.666017526777020086e-02 0.000000000000000000e+00 0.000000000000000000e+00 7.497565725413826709e-02 1.090555014605647521e-01 0.000000000000000000e+00 6.913339824732230021e-02 1.148977604673807190e-01 0.000000000000000000e+00 0.000000000000000000e+00 8.666017526777020086e-02 6.913339824732230021e-02
7.751937984496123923e-03 1.085271317829457349e-02 9.147286821705425952e-01 0.000000000000000000e+00 1.085271317829457349e-02 0.000000000000000000e+00 0.000000000000000000e+00 9.302325581395348708e-03 9.302325581395348708e-03 0.000000000000000000e+00 1.240310077519379828e-02 9.302325581395348708e-03 0.000000000000000000e+00 0.000000000000000000e+00 1.085271317829457349e-02 4.651162790697674354e-03
2.404809619238476928e-02 3.807615230460922179e-02 9.218436873747494487e-02 2.004008016032064049e-02 1.603206412825651170e-02 3.206412825651302340e-02 5.070140280561121759e-01 5.410821643286573002e-02 1.002004008016032024e-02 2.404809619238476928e-02 3.006012024048096073e-02 3.807615230460922179e-02 3.406813627254508953e-02 4.208416833667334711e-02 3.406813627254508953e-02 4.008016032064127925e-03
2.659574468085106405e-02 6.117021276595744489e-02 2.127659574468085055e-02 3.231382978723404409e-01 5.319148936170212637e-03 6.117021276595744489e-02 0.000000000000000000e+00 3.058510638297872244e-02 6.914893617021276861e-02 3.058510638297872244e-02 4.787234042553191460e-02 1.462765957446808540e-02 1.063829787234042562e-01 3.324468085106382920e-02 1.382978723404255372e-01 3.058510638297872244e-02
1.886792452830188607e-02 3.369272237196765246e-02 2.115902964959568699e-01 0.000000000000000000e+00 3.234501347708895053e-02 3.638814016172507021e-02 0.000000000000000000e+00 4.043126684636118816e-03 5.525606469002695281e-02 1.522911051212937905e-01 1.684636118598382692e-01 8.490566037735848559e-02 8.490566037735848559e-02 4.043126684636118816e-03 1.347708894878706272e-02 9.973045822102426239e-02
2.134146341463414795e-02 2.134146341463414795e-02 0.000000000000000000e+00 0.000000000000000000e+00 1.524390243902438991e-02 9.146341463414633596e-03 0.000000000000000000e+00 4.725609756097561009e-02 1.524390243902438991e-02 1.387195121951219634e-01 2.835365853658536328e-01 1.021341463414634082e-01 1.875000000000000000e-01 1.021341463414634082e-01 4.725609756097561009e-02 9.146341463414633596e-03
1.459854014598540055e-03 1.313868613138686157e-02 0.000000000000000000e+00 0.000000000000000000e+00 1.459854014598540055e-03 5.839416058394160218e-03 0.000000000000000000e+00 2.189781021897810320e-02 1.605839416058394212e-02 8.627737226277372162e-01 0.000000000000000000e+00 3.941605839416058299e-02 2.189781021897810320e-02 8.759124087591241628e-03 5.839416058394160218e-03 1.459854014598540055e-03
1.073394495412844096e-01 7.614678899082569230e-02 0.000000000000000000e+00 0.000000000000000000e+00 1.018348623853211066e-01 9.174311926605505096e-02 0.000000000000000000e+00 7.614678899082569230e-02 5.321100917431192956e-02 0.000000000000000000e+00 0.000000000000000000e+00 9.082568807339450045e-02 9.174311926605505096e-02 1.174311926605504652e-01 8.623853211009174791e-02 1.073394495412844096e-01
1.748807631160572210e-02 1.589825119236884044e-03 0.000000000000000000e+00 0.000000000000000000e+00 4.769475357710651481e-03 1.589825119236884044e-03 0.000000000000000000e+00 1.907790143084260592e-02 1.589825119236884044e-03 0.000000000000000000e+00 0.000000000000000000e+00 1.748807631160572210e-02 9.252782193958664081e-01 0.000000000000000000e+00 1.589825119236884044e-03 9.538950715421302962e-03
2.404809619238476928e-02 1.603206412825651170e-02 8.416833667334669422e-02 1.162324649298597246e-01 6.012024048096192320e-03 3.607214428857715566e-02 6.012024048096192147e-02 1.162324649298597246e-01 6.412825651302604679e-02 1.262525050100200275e-01 5.611222444889779615e-02 9.018036072144289261e-02 4.208416833667334711e-02 2.404809619238476928e-02 9.619238476953907713e-02 4.208416833667334711e-02
1.601423487544484034e-02 7.117437722419928461e-03 5.338078291814946780e-03 1.049822064056939452e-01 5.338078291814946780e-02 1.370106761565836329e-01 1.103202846975089024e-01 5.338078291814946780e-03 7.829181494661921481e-02 0.000000000000000000e+00 1.779359430604982306e-01 4.982206405693950096e-02 2.313167259786476915e-01 5.338078291814946780e-03 1.245551601423487524e-02 5.338078291814946780e-03
2.066772655007948975e-02 3.179650238473768088e-03 3.179650238473768088e-03 1.430842607313195618e-02 6.836248012718601497e-02 2.861685214626391235e-02 6.836248012718601497e-02 5.405405405405405705e-02 5.882352941176470507e-02 0.000000000000000000e+00 3.179650238473768088e-03 3.179650238473768088e-03 0.000000000000000000e+00 6.470588235294117974e-01 3.179650238473768088e-03 2.384737678855326087e-02
7.064017660044150104e-02 1.026490066225165532e-01 1.368653421633554135e-01 1.920529801324503405e-01 8.609271523178807506e-02 8.719646799116997915e-02 7.064017660044150104e-02 2.428256070640176512e-02 3.200883002207505212e-02 0.000000000000000000e+00 6.401766004415010425e-02 7.064017660044150104e-02 0.000000000000000000e+00 0.000000000000000000e+00 3.532008830022075052e-02 2.759381898454746004e-02
1.634472511144130849e-02 6.983655274888558862e-02 2.243684992570579573e-01 0.000000000000000000e+00 1.485884101040118796e-03 5.482912332838039138e-01 7.429420505200593980e-03 6.240713224368499290e-02 1.485884101040118796e-03 0.000000000000000000e+00 1.485884101040118796e-02 1.931649331352154608e-02 0.000000000000000000e+00 0.000000000000000000e+00 1.485884101040118796e-03 3.268945022288261698e-02
9.331797235023041315e-02 1.140552995391705127e-01 1.140552995391705127e-01 0.000000000000000000e+00 1.071428571428571369e-01 0.000000000000000000e+00 8.755760368663594029e-02 7.949308755760368939e-02 9.331797235023041315e-02 0.000000000000000000e+00 7.949308755760368939e-02 7.258064516129032751e-02 0.000000000000000000e+00 0.000000000000000000e+00 8.640552995391705127e-02 7.258064516129032751e-02
1.669449081803005058e-03 0.000000000000000000e+00 8.514190317195325930e-01 0.000000000000000000e+00 1.101836393989983343e-01 0.000000000000000000e+00 1.669449081803005058e-03 8.347245409015024639e-03 1.669449081803005058e-03 0.000000000000000000e+00 1.669449081803005058e-03 2.003338898163605983e-02 0.000000000000000000e+00 0.000000000000000000e+00 1.669449081803005058e-03 1.669449081803005058e-03
2.004008016032064049e-02 1.002004008016032024e-02 1.603206412825651239e-01 3.206412825651302340e-02 4.809619238476953856e-02 4.208416833667334711e-02 2.725450901803607162e-01 6.012024048096192320e-03 4.208416833667334711e-02 9.018036072144289261e-02 4.408817635270541324e-02 4.809619238476953856e-02 1.442885771543086226e-01 1.002004008016032024e-02 2.404809619238476928e-02 6.012024048096192320e-03
1.889763779527559029e-02 6.299212598425196763e-03 2.677165354330708624e-02 2.204724409448818867e-02 3.307086614173228301e-02 1.039370078740157466e-01 0.000000000000000000e+00 9.133858267716535306e-02 1.102362204724409434e-02 1.055118110236220458e-01 1.842519685039370192e-01 1.574803149606299191e-02 4.251968503937007815e-02 1.559055118110236338e-01 1.669291338582677142e-01 1.574803149606299191e-02
2.759740259740259619e-02 9.740259740259740034e-03 4.870129870129870017e-03 5.681818181818181629e-02 4.058441558441558406e-02 1.038961038961039030e-01 0.000000000000000000e+00 3.084415584415584402e-02 2.272727272727272790e-02 6.103896103896103709e-01 0.000000000000000000e+00 2.597402597402597574e-02 4.870129870129870017e-03 2.272727272727272790e-02 1.948051948051948007e-02 1.948051948051948007e-02
5.600000000000000117e-02 1.942857142857142699e-02 1.394285714285714295e-01 2.251428571428571446e-01 2.400000000000000050e-02 1.485714285714285696e-02 0.000000000000000000e+00 1.120000000000000023e-01 6.628571428571428115e-02 0.000000000000000000e+00 0.000000000000000000e+00 3.542857142857142733e-02 1.028571428571428553e-01 9.942857142857142172e-02 3.542857142857142733e-02 6.971428571428571475e-02
1.005747126436781595e-02 1.436781609195402279e-03 8.362068965517240882e-01 0.000000000000000000e+00 1.436781609195402279e-03 1.436781609195402279e-03 0.000000000000000000e+00 1.005747126436781595e-02 1.005747126436781595e-02 0.000000000000000000e+00 0.000000000000000000e+00 1.005747126436781595e-02 8.620689655172413673e-03 1.077586206896551657e-01 1.436781609195402279e-03 1.436781609195402279e-03
6.753006475485660853e-02 6.753006475485660853e-02 0.000000000000000000e+00 0.000000000000000000e+00 9.528214616096207512e-02 9.898242368177613548e-02 0.000000000000000000e+00 1.063829787234042562e-01 1.221091581868640197e-01 0.000000000000000000e+00 0.000000000000000000e+00 8.510638297872340219e-02 1.221091581868640197e-01 8.510638297872340219e-02 1.008325624421831657e-01 4.902867715078630673e-02
2.377179080824088839e-02 1.426307448494453303e-02 0.000000000000000000e+00 0.000000000000000000e+00 1.743264659270998482e-02 2.218700475435816249e-02 0.000000000000000000e+00 2.377179080824088839e-02 0.000000000000000000e+00 0.000000000000000000e+00 0.000000000000000000e+00 4.912836767036449920e-02 4.152139461172741908e-01 4.152139461172741908e-01 4.754358161648177677e-03 1.426307448494453303e-02
4.008016032064128098e-02 4.809619238476953856e-02 6.813627254509017905e-02 4.008016032064128098e-02 1.002004008016032024e-02 3.807615230460922179e-02 1.983967935871743526e-01 4.408817635270541324e-02 3.406813627254508953e-02 1.222444889779559091e-01 2.805611222444889807e-02 3.006012024048096073e-02 8.416833667334669422e-02 1.583166332665330578e-01 5.210420841683366389e-02 4.008016032064127925e-03
1.505016722408026794e-02 6.521739130434782428e-02 1.505016722408026794e-02 2.341137123745819226e-02 1.505016722408026794e-02 3.010033444816053588e-02 0.000000000000000000e+00 1.505016722408026794e-02 7.190635451505016096e-02 5.016722408026755980e-03 2.692307692307692180e-01 4.347826086956521618e-02 1.956521739130434867e-01 1.421404682274247377e-01 6.020066889632107177e-02 3.344481605351170422e-02
1.515151515151515194e-02 4.545454545454545234e-03 9.090909090909090468e-03 1.818181818181818094e-02 4.545454545454545234e-03 2.121212121212121340e-02 0.000000000000000000e+00 2.878787878787878937e-02 4.545454545454545234e-03 7.909090909090908950e-01 0.000000000000000000e+00 2.575757575757575690e-02 2.878787878787878937e-02 2.575757575757575690e-02 1.818181818181818094e-02 4.545454545454545234e-03
6.268364348677767095e-02 5.093046033300685504e-02 8.716944172380020062e-02 1.224289911851126345e-01 7.443682664054848686e-02 1.253672869735553419e-01 0.000000000000000000e+00 5.974534769833496350e-02 9.304603330068560163e-02 0.000000000000000000e+00 0.000000000000000000e+00 4.603330068560235189e-02 7.639569049951028257e-02 1.351616062683643482e-01 3.036238981390793415e-02 3.623898139079333863e-02
2.197802197802197974e-02 1.726844583987440993e-02 1.569858712715855665e-03 1.883830455259026537e-02 1.569858712715855665e-03 1.569858712715855665e-03 0.000000000000000000e+00 1.569858712715855665e-03 1.569858712715855665e-03 0.000000000000000000e+00 0.000000000000000000e+00 1.098901098901098987e-02 9.026687598116169831e-01 0.000000000000000000e+00 1.883830455259026537e-02 1.569858712715855665e-03
7.635009310986964892e-02 8.286778398510241672e-02 1.247672253258845371e-01 1.471135940409683540e-01 1.238361266294227131e-01 7.635009310986964892e-02 0.000000000000000000e+00 3.351955307262569767e-02 9.497206703910614223e-02 0.000000000000000000e+00 0.000000000000000000e+00 6.983240223463686724e-02 0.000000000000000000e+00 0.000000000000000000e+00 6.983240223463686724e-02 1.005586592178770999e-01
1.522070015220700068e-03 1.674277016742770074e-02 7.214611872146118321e-01 0.000000000000000000e+00 7.610350076103500339e-02 1.232876712328767055e-01 0.000000000000000000e+00 1.522070015220700068e-03 3.805175038051750169e-02 0.000000000000000000e+00 0.000000000000000000e+00 1.065449010654490047e-02 0.000000000000000000e+00 0.000000000000000000e+00 1.522070015220700068e-03 9.132420091324200406e-03
5.410821643286573002e-02 1.803607214428857783e-02 3.006012024048096073e-02 9.819639278557114326e-02 2.204408817635270662e-02 1.002004008016032024e-02 1.923847695390781543e-01 4.008016032064127925e-03 4.609218436873747243e-02 4.008016032064127925e-03 1.623246492985971901e-01 1.322645290581162258e-01 1.342685370741482920e-01 2.204408817635270662e-02 3.607214428857715566e-02 3.406813627254508953e-02
1.176470588235294101e-02 2.016806722689075751e-02 1.025210084033613411e-01 1.243697478991596661e-01 5.210084033613445603e-02 1.512605042016806726e-02 0.000000000000000000e+00 3.865546218487395103e-02 2.352941176470588203e-02 1.142857142857142821e-01 2.521008403361344463e-01 2.689075630252101001e-02 1.478991596638655481e-01 1.512605042016806726e-02 6.722689075630252503e-03 4.873949579831932805e-02
3.235747303543913544e-02 1.848998459167950845e-02 4.006163328197226425e-02 4.314329738058551855e-02 1.848998459167950845e-02 2.619414483821263379e-02 0.000000000000000000e+00 4.622496147919877112e-03 2.619414483821263379e-02 5.808936825885978594e-01 0.000000000000000000e+00 5.392912172573189472e-02 8.320493066255778281e-02 3.235747303543913544e-02 3.235747303543913544e-02 7.704160246533127941e-03
1.484018264840182566e-02 4.452054794520547698e-02 2.522831050228310779e-01 1.461187214611872065e-01 4.109589041095890183e-02 1.940639269406392586e-02 0.000000000000000000e+00 9.018264840182647901e-02 5.479452054794520244e-02 0.000000000000000000e+00 0.000000000000000000e+00 3.767123287671232668e-02 9.132420091324200406e-02 8.447488584474885376e-02 7.191780821917807820e-02 5.136986301369862729e-02
5.555555555555555768e-03 2.222222222222222307e-02 0.000000000000000000e+00 8.291666666666667185e-01 1.805555555555555386e-02 8.333333333333333218e-03 0.000000000000000000e+00 1.527777777777777728e-02 2.777777777777777884e-03 0.000000000000000000e+00 0.000000000000000000e+00 1.527777777777777728e-02 2.777777777777777884e-03 4.861111111111111188e-02 1.805555555555555386e-02 1.388888888888888812e-02
9.215328467153284520e-02 7.116788321167882847e-02 0.000000000000000000e+00 0.000000000000000000e+00 7.664233576642336121e-02 9.762773722627737794e-02 0.000000000000000000e+00 9.762773722627737794e-02 9.215328467153284520e-02 0.000000000000000000e+00 0.000000000000000000e+00 8.759124087591241281e-02 9.215328467153284520e-02 1.131386861313868619e-01 1.031021897810218968e-01 7.664233576642336121e-02
9.599999999999999159e-03 1.600000000000000077e-03 0.000000000000000000e+00 0.000000000000000000e+00 1.760000000000000106e-02 1.600000000000000077e-03 0.000000000000000000e+00 1.280000000000000061e-02 1.600000000000000077e-03 0.000000000000000000e+00 0.000000000000000000e+00 1.600000000000000077e-03 9.200000000000000400e-01 0.000000000000000000e+00 2.079999999999999905e-02 1.280000000000000061e-02
2.805611222444889807e-02 5.611222444889779615e-02 6.012024048096192320e-03 2.404809619238476928e-02 6.012024048096192320e-03 2.004008016032064049e-02 2.284569138276553169e-01 3.807615230460922179e-02 1.643286573146292562e-01 5.210420841683366389e-02 2.404809619238476928e-02 8.016032064128256196e-02 1.503006012024048210e-01 8.216432865731462809e-02 6.012024048096192320e-03 3.406813627254508953e-02
4.893964110929852757e-03 4.893964110929852757e-03 4.893964110929852757e-03 1.435562805872756809e-01 1.468189233278956000e-02 1.468189233278956000e-02 0.000000000000000000e+00 3.588907014681892022e-02 6.688417618270799114e-02 1.239804241435562837e-01 2.088091353996737454e-01 6.688417618270799114e-02 1.141924959216965713e-01 1.370309951060358911e-01 2.936378466557912001e-02 2.936378466557912001e-02
3.349282296650717833e-02 6.060606060606060774e-02 1.036682615629984094e-01 3.668261562998405279e-02 1.913875598086124327e-02 1.275917065390749609e-02 0.000000000000000000e+00 4.465709728867623546e-02 5.582137161084529259e-02 4.194577352472089182e-01 0.000000000000000000e+00 2.551834130781499219e-02 9.728867623604466053e-02 3.030303030303030387e-02 4.146730462519936100e-02 1.913875598086124327e-02
1.574803149606299191e-02 3.412073490813648247e-02 6.430446194225722389e-02 1.312335958005249326e-01 1.653543307086614289e-01 1.010498687664042050e-01 0.000000000000000000e+00 7.217847769028871985e-02 2.493438320209973719e-02 0.000000000000000000e+00 0.000000000000000000e+00 1.220472440944881942e-01 8.661417322834645549e-02 6.036745406824146898e-02 5.774278215223097033e-02 6.430446194225722389e-02
1.119999999999999989e-02 1.600000000000000077e-03 1.600000000000000077e-03 1.600000000000000077e-03 0.000000000000000000e+00 8.000000000000000167e-03 0.000000000000000000e+00 1.760000000000000106e-02 2.400000000000000050e-02 0.000000000000000000e+00 0.000000000000000000e+00 1.600000000000000077e-03 7.199999999999999456e-02 8.576000000000000290e-01 1.600000000000000077e-03 1.600000000000000077e-03
4.444444444444444614e-02 7.632850241545893755e-02 1.323671497584540946e-01 1.217391304347826136e-01 0.000000000000000000e+00 8.792270531400965539e-02 0.000000000000000000e+00 8.792270531400965539e-02 8.212560386473430341e-02 0.000000000000000000e+00 0.000000000000000000e+00 1.043478260869565161e-01 6.376811594202898281e-02 0.000000000000000000e+00 9.371980676328502124e-02 1.053140096618357530e-01
1.098901098901098987e-02 4.866562009419152235e-02 0.000000000000000000e+00 8.508634222919937429e-01 0.000000000000000000e+00 4.866562009419152235e-02 0.000000000000000000e+00 1.569858712715855665e-03 1.569858712715855665e-03 0.000000000000000000e+00 0.000000000000000000e+00 1.098901098901098987e-02 7.849293563579277239e-03 0.000000000000000000e+00 9.419152276295132686e-03 9.419152276295132686e-03
2.605210420841683194e-02 4.008016032064127925e-03 4.008016032064127925e-03 3.627254509018035811e-01 2.204408817635270662e-02 3.006012024048096420e-01 5.210420841683366389e-02 4.008016032064127925e-03 5.811623246492986228e-02 3.607214428857715566e-02 4.008016032064127925e-03 4.008016032064127925e-03 4.609218436873747243e-02 4.008016032064127925e-03 4.609218436873747243e-02 2.605210420841683194e-02
1.470588235294117627e-02 3.823529411764706176e-02 2.500000000000000139e-02 0.000000000000000000e+00 1.470588235294117627e-02 6.764705882352940736e-02 6.176470588235294379e-02 8.235294117647058709e-02 5.882352941176470507e-03 2.882352941176470340e-01 3.014705882352941013e-01 1.029411764705882339e-02 2.500000000000000139e-02 1.470588235294117627e-02 3.529411764705882304e-02 1.470588235294117627e-02
3.409090909090908839e-02 5.823863636363636048e-02 2.272727272727272790e-02 0.000000000000000000e+00 2.272727272727272790e-02 4.545454545454545581e-02 2.272727272727272790e-02 2.556818181818181976e-02 3.693181818181818371e-02 2.272727272727272790e-02 0.000000000000000000e+00 2.215909090909090884e-01 3.565340909090908839e-01 2.840909090909090814e-02 2.840909090909090814e-02 7.386363636363636742e-02
2.933333333333333279e-02 6.666666666666667095e-03 2.933333333333333279e-02 0.000000000000000000e+00 1.466666666666666639e-02 1.973333333333333328e-01 9.866666666666666641e-02 1.799999999999999933e-01 5.866666666666666557e-02 2.479999999999999982e-01 0.000000000000000000e+00 5.066666666666666541e-02 0.000000000000000000e+00 2.933333333333333279e-02 2.533333333333333270e-02 3.200000000000000067e-02
1.021897810218978103e-02 2.919708029197080109e-03 2.919708029197080109e-03 0.000000000000000000e+00 1.021897810218978103e-02 3.941605839416058299e-02 1.605839416058394212e-02 2.335766423357664087e-02 8.686131386861314363e-01 0.000000000000000000e+00 0.000000000000000000e+00 2.919708029197080109e-03 0.000000000000000000e+00 2.919708029197080109e-03 1.751824817518248326e-02 2.919708029197080109e-03
9.140767824497257610e-02 1.352833638025594254e-01 1.261425959780621553e-01 0.000000000000000000e+00 7.861060329067641461e-02 7.861060329067641461e-02 1.051188299817184674e-01 6.398537477148080743e-02 0.000000000000000000e+00 0.000000000000000000e+00 0.000000000000000000e+00 8.226691042047531988e-02 0.000000000000000000e+00 7.861060329067641461e-02 9.597806215722121115e-02 6.398537477148080743e-02
7.727975270479134524e-03 0.000000000000000000e+00 1.081916537867078781e-02 0.000000000000000000e+00 1.545595054095826862e-03 9.428129829984543964e-01 1.545595054095826862e-03 1.545595054095826862e-03 0.000000000000000000e+00 0.000000000000000000e+00 0.000000000000000000e+00 1.545595054095826862e-03 0.000000000000000000e+00 4.636785162287480368e-03 2.627511591962905860e-02 1.545595054095826862e-03
1.289449954914337337e-01 0.000000000000000000e+00 1.217312894499549131e-01 0.000000000000000000e+00 1.145175834084761063e-01 0.000000000000000000e+00 1.568981064021641170e-01 9.918845807033363493e-02 0.000000000000000000e+00 0.000000000000000000e+00 0.000000000000000000e+00 1.073038773669972995e-01 0.000000000000000000e+00 5.770964833183047510e-02 1.217312894499549131e-01 9.197475202885482815e-02
1.029411764705882304e-01 0.000000000000000000e+00 5.426470588235293713e-01 0.000000000000000000e+00 1.029411764705882304e-01 0.000000000000000000e+00 0.000000000000000000e+00 1.397058823529411797e-01 0.000000000000000000e+00 0.000000000000000000e+00 0.000000000000000000e+00 6.617647058823529493e-02 0.000000000000000000e+00 1.764705882352941152e-02 1.029411764705882339e-02 1.764705882352941152e-02
1.002004008016032024e-02 6.012024048096192320e-03 7.214428857715431131e-02 6.813627254509017905e-02 2.404809619238476928e-02 2.004008016032064049e-02 2.064128256513026172e-01 4.408817635270541324e-02 9.819639278557114326e-02 7.615230460921844358e-02 1.002004008016032094e-01 4.408817635270541324e-02 1.823647294589178236e-01 2.805611222444889807e-02 1.603206412825651170e-02 4.008016032064127925e-03
4.485049833887043425e-02 5.481727574750830390e-02 8.637873754152823602e-02 6.810631229235880602e-02 7.142857142857142461e-02 2.159468438538205901e-02 0.000000000000000000e+00 2.491694352159468454e-02 4.485049833887043425e-02 1.627906976744186163e-01 1.146179401993355496e-01 1.328903654485049865e-02 6.146179401993355496e-02 3.986710963455149248e-02 1.694352159468438535e-01 2.159468438538205901e-02
2.828618968386023211e-02 3.161397670549084826e-02 1.164725457570715481e-02 4.159733777038269326e-02 2.329450915141430961e-02 3.327787021630615721e-03 0.000000000000000000e+00 3.327787021630615721e-03 4.492512479201331288e-02 2.063227953410981808e-01 1.630615640599001603e-01 1.164725457570715481e-02 3.943427620632279362e-01 1.663893510815307730e-02 0.000000000000000000e+00 1.996672212978369346e-02
4.076086956521739191e-02 2.038043478260869595e-02 1.385869565217391353e-01 7.065217391304347283e-02 4.076086956521739191e-02 6.657608695652174335e-02 0.000000000000000000e+00 2.445652173913043584e-02 4.483695652173912832e-02 2.581521739130434590e-01 1.372282608695652162e-01 1.086956521739130405e-01 0.000000000000000000e+00 2.853260869565217225e-02 0.000000000000000000e+00 2.038043478260869595e-02
2.031930333817126219e-02 2.031930333817126219e-02 2.031930333817126219e-02 3.338171262699564379e-02 1.161103047895500721e-02 3.193033381712626767e-02 0.000000000000000000e+00 2.902757619738751804e-03 8.345428156748911919e-01 0.000000000000000000e+00 2.902757619738751804e-03 2.902757619738751804e-03 0.000000000000000000e+00 1.596516690856313384e-02 0.000000000000000000e+00 2.902757619738751804e-03
8.286778398510241672e-02 1.461824953445065300e-01 1.266294227188081989e-01 8.752327746741155046e-02 9.497206703910614223e-02 1.191806331471135932e-01 0.000000000000000000e+00 5.772811918063314868e-02 0.000000000000000000e+00 0.000000000000000000e+00 7.914338919925512084e-02 4.376163873370577523e-02 0.000000000000000000e+00 9.124767225325884634e-02 0.000000000000000000e+00 7.076350093109869122e-02
1.509146341463414587e-01 0.000000000000000000e+00 2.591463414634146215e-02 2.439024390243902524e-02 6.402439024390244038e-02 6.463414634146341653e-01 0.000000000000000000e+00 3.963414634146341514e-02 0.000000000000000000e+00 0.000000000000000000e+00 6.097560975609756309e-03 1.524390243902439077e-03 0.000000000000000000e+00 1.067073170731707397e-02 0.000000000000000000e+00 3.048780487804877981e-02
1.040086673889490804e-01 0.000000000000000000e+00 1.375947995666305657e-01 1.451787648970747635e-01 9.642470205850486864e-02 0.000000000000000000e+00 0.000000000000000000e+00 9.642470205850486864e-02 0.000000000000000000e+00 0.000000000000000000e+00 1.007583965330444142e-01 9.534127843986998918e-02 0.000000000000000000e+00 8.667388949079089799e-02 0.000000000000000000e+00 1.375947995666305657e-01
1.574803149606299191e-03 0.000000000000000000e+00 8.645669291338582418e-01 0.000000000000000000e+00 9.133858267716535306e-02 0.000000000000000000e+00 0.000000000000000000e+00 1.102362204724409434e-02 0.000000000000000000e+00 0.000000000000000000e+00 1.574803149606299191e-03 2.047244094488188948e-02 0.000000000000000000e+00 1.574803149606299191e-03 0.000000000000000000e+00 7.874015748031495954e-03
2.404809619238476928e-02 2.404809619238476928e-02 6.212424849699398760e-02 1.222444889779559091e-01 2.004008016032064049e-02 1.002004008016032094e-01 8.216432865731462809e-02 3.206412825651302340e-02 2.464929859719438843e-01 6.012024048096192320e-03 9.018036072144289261e-02 9.619238476953907713e-02 6.012024048096192320e-03 2.404809619238476928e-02 4.809619238476953856e-02 1.603206412825651170e-02
9.646302250803859279e-03 4.823151125401929640e-03 1.607717041800642982e-02 6.591639871382636018e-02 4.823151125401928946e-02 4.823151125401929640e-03 5.305466237942121910e-02 4.823151125401929640e-03 0.000000000000000000e+00 4.823151125401929640e-03 5.948553054662379658e-02 4.823151125401929640e-03 6.077170418006431207e-01 8.520900321543407874e-02 9.646302250803859279e-03 2.090032154340835946e-02
3.648802736602052565e-02 2.850627137970353567e-02 3.078677309007981852e-02 7.183580387685291335e-02 1.938426453819840425e-02 2.850627137970353567e-02 4.675028506271379503e-02 4.446978335233751217e-02 0.000000000000000000e+00 9.578107183580387984e-02 2.531356898517673759e-01 1.710376282782212140e-02 0.000000000000000000e+00 2.189281641961231539e-01 8.323831242873432068e-02 2.508551881413911139e-02
4.160887656033286988e-03 1.137309292649098524e-01 1.067961165048543631e-01 1.331484049930651836e-01 3.883495145631067624e-02 8.044382801664355653e-02 1.664355062413314795e-02 5.825242718446602130e-02 0.000000000000000000e+00 6.518723994452149673e-02 0.000000000000000000e+00 9.015256588072122212e-02 0.000000000000000000e+00 1.484049930651872296e-01 1.276005547850208033e-01 1.664355062413314795e-02
2.805280528052805228e-02 2.145214521452145154e-02 2.805280528052805228e-02 4.950495049504950555e-03 3.135313531353135091e-02 2.805280528052805228e-02 9.900990099009901110e-03 1.815181518151815290e-02 0.000000000000000000e+00 2.970297029702970160e-02 0.000000000000000000e+00 4.290429042904290308e-02 0.000000000000000000e+00 0.000000000000000000e+00 7.112211221122112237e-01 4.620462046204620171e-02
5.370569280343716334e-02 8.055853920515575195e-02 1.933404940923737908e-02 5.692803437164339203e-02 6.444683136412459983e-03 4.403866809881847727e-02 6.595059076262084208e-01 3.329752953813103905e-02 0.000000000000000000e+00 1.718582169709989213e-02 0.000000000000000000e+00 6.444683136412459983e-03 0.000000000000000000e+00 0.000000000000000000e+00 0.000000000000000000e+00 2.255639097744360777e-02
2.246181491464510280e-02 2.246181491464510280e-02 4.582210242587601151e-02 4.761904761904761640e-02 1.024258760107816663e-01 3.863432165318957806e-02 0.000000000000000000e+00 1.078167115902965018e-02 0.000000000000000000e+00 6.864330637915543321e-01 0.000000000000000000e+00 1.078167115902965018e-02 0.000000000000000000e+00 0.000000000000000000e+00 0.000000000000000000e+00 1.257861635220125854e-02
6.334125098970704026e-02 2.620744259699129275e-01 2.414885193982581058e-01 4.513064133016626844e-02 8.076009501187648987e-02 9.422011084718923124e-02 0.000000000000000000e+00 9.738717339667458950e-02 0.000000000000000000e+00 0.000000000000000000e+00 0.000000000000000000e+00 5.938242280285035285e-02 0.000000000000000000e+00 0.000000000000000000e+00 0.000000000000000000e+00 5.621536025336500153e-02
8.072289156626505369e-02 0.000000000000000000e+00 1.939759036144578230e-01 1.301204819277108349e-01 5.783132530120482090e-02 3.855421686746988291e-02 0.000000000000000000e+00 3.662650602409638356e-01 0.000000000000000000e+00 0.000000000000000000e+00 0.000000000000000000e+00 3.614457831325301046e-02 0.000000000000000000e+00 0.000000000000000000e+00 0.000000000000000000e+00 9.638554216867470381e-02
2.988792029887920448e-02 0.000000000000000000e+00 1.618929016189290040e-02 8.293897882938978672e-01 2.615193026151930306e-02 3.860523038605230550e-02 0.000000000000000000e+00 0.000000000000000000e+00 0.000000000000000000e+00 0.000000000000000000e+00 0.000000000000000000e+00 2.988792029887920448e-02 0.000000000000000000e+00 0.000000000000000000e+00 0.000000000000000000e+00 2.988792029887920448e-02
1.682403433476394872e-01 0.000000000000000000e+00 2.017167381974248885e-01 0.000000000000000000e+00 1.399141630901287459e-01 1.399141630901287459e-01 0.000000000000000000e+00 0.000000000000000000e+00 0.000000000000000000e+00 0.000000000000000000e+00 0.000000000000000000e+00 1.751072961373390524e-01 0.000000000000000000e+00 0.000000000000000000e+00 0.000000000000000000e+00 1.751072961373390524e-01
6.811989100817438664e-03 0.000000000000000000e+00 0.000000000000000000e+00 0.000000000000000000e+00 2.724795640326975379e-03 9.782016348773842074e-01 0.000000000000000000e+00 0.000000000000000000e+00 0.000000000000000000e+00 0.000000000000000000e+00 0.000000000000000000e+00 1.362397820163487689e-03 0.000000000000000000e+00 0.000000000000000000e+00 0.000000000000000000e+00 1.089918256130790152e-02
2.784503631961259273e-01 0.000000000000000000e+00 0.000000000000000000e+00 0.000000000000000000e+00 2.784503631961259273e-01 0.000000000000000000e+00 0.000000000000000000e+00 0.000000000000000000e+00 0.000000000000000000e+00 0.000000000000000000e+00 0.000000000000000000e+00 2.219531880548829827e-01 0.000000000000000000e+00 0.000000000000000000e+00 0.000000000000000000e+00 2.211460855528652181e-01
0.000000000000000000e+00 0.000000000000000000e+00 0.000000000000000000e+00 0.000000000000000000e+00 9.976303317535545334e-01 0.000000000000000000e+00 0.000000000000000000e+00 0.000000000000000000e+00 0.000000000000000000e+00 0.000000000000000000e+00 0.000000000000000000e+00 1.184834123222748906e-03 0.000000000000000000e+00 0.000000000000000000e+00 0.000000000000000000e+00 1.184834123222748906e-03
1.803607214428857783e-02 3.406813627254508953e-02 2.404809619238476928e-02 4.008016032064127925e-03 2.004008016032064049e-02 3.807615230460922179e-02 5.010020040080160469e-02 4.809619238476953856e-02 2.084168336673346555e-01 2.945891783567134437e-01 4.008016032064128098e-02 3.406813627254508953e-02 4.008016032064127925e-03 1.503006012024048210e-01 2.805611222444889807e-02 4.008016032064127925e-03
4.179566563467491946e-02 2.786377708978328080e-02 1.021671826625386997e-01 1.439628482972136192e-01 4.179566563467491946e-02 5.882352941176470507e-02 8.668730650154798933e-02 1.547987616099071213e-02 7.120743034055727894e-02 0.000000000000000000e+00 4.798761609907120640e-02 3.095975232198142427e-02 2.383900928792569707e-01 4.798761609907120640e-02 2.012383900928792560e-02 2.476780185758514080e-02
1.071975497702909626e-02 3.675344563552833399e-02 3.062787136294027688e-03 7.656967840735069003e-03 2.450229709035222150e-02 3.062787136294027688e-03 3.062787136294027601e-02 3.062787136294027688e-03 3.062787136294027688e-03 0.000000000000000000e+00 3.675344563552833399e-02 1.837672281776416700e-02 0.000000000000000000e+00 7.856049004594181095e-01 2.603369065849923600e-02 1.071975497702909626e-02
2.272727272727272790e-02 6.324110671936758465e-02 1.482213438735177809e-02 1.363636363636363535e-01 1.788537549407114569e-01 1.017786561264822087e-01 9.584980237154150373e-02 6.916996047430830352e-02 1.877470355731225213e-02 0.000000000000000000e+00 1.343873517786561278e-01 4.743083003952568849e-02 0.000000000000000000e+00 0.000000000000000000e+00 5.039525691699604792e-02 6.620553359683795103e-02
4.705882352941176405e-02 1.470588235294117627e-03 8.088235294117647467e-02 1.470588235294117627e-03 0.000000000000000000e+00 6.970588235294117307e-01 1.470588235294117627e-03 5.882352941176470507e-02 6.617647058823529493e-02 0.000000000000000000e+00 3.529411764705882304e-02 7.352941176470588133e-03 0.000000000000000000e+00 0.000000000000000000e+00 1.470588235294117627e-03 1.470588235294117627e-03
5.344295991778005850e-02 1.438848920863309289e-01 1.192189105858170589e-01 1.099691675231243559e-01 0.000000000000000000e+00 0.000000000000000000e+00 8.633093525179856564e-02 1.038026721479958919e-01 5.344295991778005850e-02 0.000000000000000000e+00 8.633093525179856564e-02 1.038026721479958919e-01 0.000000000000000000e+00 0.000000000000000000e+00 5.344295991778005850e-02 8.633093525179856564e-02
4.694835680751173815e-03 0.000000000000000000e+00 7.026604068857590368e-01 6.729264475743348961e-02 0.000000000000000000e+00 0.000000000000000000e+00 1.596244131455399062e-01 1.721439749608763559e-02 1.564945226917057938e-03 0.000000000000000000e+00 2.347417840375586734e-02 1.564945226917057938e-03 0.000000000000000000e+00 0.000000000000000000e+00 1.095461658841940557e-02 1.095461658841940557e-02
2.204408817635270662e-02 4.008016032064127925e-03 1.402805611222444904e-02 1.803607214428857852e-01 3.006012024048096073e-02 5.410821643286573002e-02 4.008016032064128098e-02 2.204408817635270662e-02 1.643286573146292562e-01 2.745490981963927823e-01 3.406813627254508953e-02 5.010020040080160469e-02 1.402805611222444904e-02 3.006012024048096073e-02 2.204408817635270662e-02 4.408817635270541324e-02
5.817610062893081857e-02 8.805031446540879936e-02 1.886792452830188607e-02 1.572327044025157231e-02 2.987421383647798773e-02 1.289308176100628922e-01 1.053459119496855390e-01 1.100628930817609992e-02 9.433962264150944077e-02 0.000000000000000000e+00 7.704402515723270117e-02 1.572327044025157231e-02 1.933962264150943522e-01 9.119496855345911313e-02 3.930817610062892903e-02 3.301886792452830149e-02
4.823151125401928946e-02 4.501607717041800766e-02 1.607717041800642982e-02 3.697749196141478928e-02 8.038585209003214910e-03 9.324758842443729712e-02 1.607717041800642982e-02 1.061093247588424382e-01 2.572347266881028910e-02 0.000000000000000000e+00 2.733118971061093347e-02 3.054662379421221874e-02 0.000000000000000000e+00 4.324758842443729989e-01 8.842443729903537442e-02 2.572347266881028910e-02
