1.803607214428857783e-02 4.609218436873747243e-02 3.406813627254508953e-02 1.803607214428857783e-02 5.410821643286573002e-02 2.404809619238476928e-02 2.805611222444889807e-02 2.204408817635270662e-02 4.609218436873747243e-02 4.609218436873747243e-02 1.142284569138276584e-01 2.404809619238476928e-02 7.615230460921844358e-02 1.803607214428857783e-02 6.212424849699398760e-02 1.062124248496993939e-01 6.813627254509017905e-02 1.002004008016032024e-02 3.006012024048096073e-02 2.204408817635270662e-02 4.408817635270541324e-02 1.803607214428857783e-02 3.607214428857715566e-02 2.404809619238476928e-02 1.002004008016032024e-02
1.002004008016032024e-02 2.404809619238476928e-02 3.607214428857715566e-02 1.803607214428857783e-02 4.408817635270541324e-02 2.204408817635270662e-02 3.006012024048096073e-02 1.002004008016032024e-02 6.813627254509017905e-02 1.062124248496993939e-01 6.212424849699398760e-02 1.803607214428857783e-02 7.615230460921844358e-02 2.404809619238476928e-02 1.142284569138276584e-01 4.609218436873747243e-02 4.609218436873747243e-02 2.204408817635270662e-02 2.805611222444889807e-02 2.404809619238476928e-02 5.410821643286573002e-02 1.803607214428857783e-02 3.406813627254508953e-02 4.609218436873747243e-02 1.803607214428857783e-02
3.057553956834532446e-02 9.172661870503596993e-02 3.597122302158273222e-02 2.697841726618704916e-02 7.194244604316547137e-03 4.136690647482014344e-02 1.618705035971223019e-02 1.978417266187050202e-02 2.338129496402877733e-02 7.913669064748200810e-02 0.000000000000000000e+00 8.093525179856114748e-02 6.474820143884892076e-02 7.194244604316547137e-03 4.496402877697841527e-02 5.575539568345323771e-02 9.172661870503596993e-02 8.992805755395683054e-02 1.258992805755395662e-02 3.237410071942446038e-02 5.395683453237409832e-02 1.978417266187050202e-02 1.618705035971223019e-02 4.496402877697841527e-02 1.258992805755395662e-02
3.272727272727272985e-02 0.000000000000000000e+00 5.636363636363636576e-02 8.909090909090909560e-02 2.909090909090909088e-02 2.727272727272727140e-02 1.818181818181818094e-02 5.090909090909091078e-02 4.000000000000000083e-02 7.272727272727272374e-02 0.000000000000000000e+00 4.727272727272727182e-02 9.090909090909090468e-03 4.181818181818181684e-02 1.818181818181818094e-02 8.181818181818181768e-02 8.181818181818181768e-02 4.181818181818181684e-02 4.181818181818181684e-02 2.727272727272727140e-02 1.818181818181818094e-02 3.636363636363636187e-02 6.363636363636362980e-02 6.181818181818182073e-02 1.272727272727272770e-02
3.284671532846715480e-02 0.000000000000000000e+00 1.094890510948905160e-02 0.000000000000000000e+00 6.751824817518248256e-02 4.744525547445255231e-02 2.554744525547445258e-02 2.919708029197080196e-02 1.204379562043795676e-01 3.284671532846715480e-02 0.000000000000000000e+00 3.284671532846715480e-02 3.284671532846715480e-02 6.569343065693430961e-02 3.284671532846715480e-02 1.040145985401459833e-01 4.744525547445255231e-02 5.474452554744525801e-02 4.014598540145985356e-02 4.379562043795620641e-02 1.094890510948905160e-02 3.649635036496350071e-02 4.744525547445255231e-02 5.474452554744525801e-02 2.919708029197080196e-02
2.919708029197080196e-02 5.474452554744525801e-02 4.744525547445255231e-02 3.649635036496350071e-02 1.094890510948905160e-02 4.379562043795620641e-02 4.014598540145985356e-02 5.474452554744525801e-02 4.744525547445255231e-02 1.040145985401459833e-01 3.284671532846715480e-02 6.569343065693430961e-02 3.284671532846715480e-02 3.284671532846715480e-02 0.000000000000000000e+00 3.284671532846715480e-02 1.204379562043795676e-01 2.919708029197080196e-02 2.554744525547445258e-02 4.744525547445255231e-02 6.751824817518248256e-02 0.000000000000000000e+00 1.094890510948905160e-02 0.000000000000000000e+00 3.284671532846715480e-02
3.539823008849557473e-02 0.000000000000000000e+00 2.123893805309734484e-02 0.000000000000000000e+00 5.840707964601769830e-02 7.079646017699114946e-03 7.256637168141592820e-02 2.123893805309734484e-02 0.000000000000000000e+00 5.132743362831858336e-02 0.000000000000000000e+00 4.070796460176991094e-02 3.539823008849557473e-02 6.017699115044247704e-02 3.539823008849557473e-02 7.079646017699114946e-02 1.345132743362831840e-01 2.477876106194690231e-02 2.477876106194690231e-02 4.070796460176991094e-02 9.734513274336283051e-02 3.893805309734513220e-02 3.008849557522123852e-02 2.831858407079645978e-02 7.079646017699114946e-02
9.565217391304348116e-02 0.000000000000000000e+00 4.000000000000000083e-02 0.000000000000000000e+00 6.608695652173912638e-02 2.260869565217391366e-02 2.608695652173912902e-02 9.043478260869565466e-02 0.000000000000000000e+00 9.913043478260868957e-02 0.000000000000000000e+00 1.078260869565217384e-01 7.304347826086957096e-02 1.391304347826087008e-02 2.608695652173912902e-02 5.565217391304348032e-02 0.000000000000000000e+00 1.391304347826087008e-02 8.695652173913043584e-03 3.652173913043478548e-02 3.304347826086956319e-02 2.956521739130434784e-02 5.217391304347825803e-02 3.304347826086956319e-02 7.652173913043477937e-02
1.960784313725490169e-02 0.000000000000000000e+00 3.208556149732620655e-02 0.000000000000000000e+00 6.951871657754010725e-02 2.317290552584670357e-02 9.625668449197860577e-02 2.139037433155080090e-02 0.000000000000000000e+00 4.634581105169340715e-02 0.000000000000000000e+00 0.000000000000000000e+00 8.021390374331550943e-02 2.139037433155080090e-02 4.634581105169340715e-02 2.139037433155080159e-01 0.000000000000000000e+00 2.139037433155080090e-02 7.843137254901960675e-02 3.386809269162210229e-02 7.130124777183600299e-03 7.130124777183600299e-03 9.625668449197860577e-02 5.347593582887700397e-02 3.208556149732620655e-02
3.069466882067851260e-02 0.000000000000000000e+00 3.069466882067851260e-02 0.000000000000000000e+00 5.331179321486267941e-02 7.592891760904685317e-02 2.584814216478190790e-02 1.017770597738287541e-01 0.000000000000000000e+00 7.108239095315024847e-02 0.000000000000000000e+00 0.000000000000000000e+00 7.592891760904685317e-02 5.654281098546042050e-02 5.654281098546042050e-02 0.000000000000000000e+00 0.000000000000000000e+00 4.684975767366720417e-02 7.592891760904685317e-02 5.331179321486267941e-02 1.938610662358642919e-02 1.227786752827140504e-01 3.069466882067851260e-02 1.453957996768982276e-02 5.815831987075929105e-02
5.815831987075929105e-02 1.453957996768982276e-02 3.069466882067851260e-02 1.227786752827140504e-01 1.938610662358642919e-02 5.331179321486267941e-02 7.592891760904685317e-02 4.684975767366720417e-02 0.000000000000000000e+00 0.000000000000000000e+00 5.654281098546042050e-02 5.654281098546042050e-02 7.592891760904685317e-02 0.000000000000000000e+00 0.000000000000000000e+00 7.108239095315024847e-02 0.000000000000000000e+00 1.017770597738287541e-01 2.584814216478190790e-02 7.592891760904685317e-02 5.331179321486267941e-02 0.000000000000000000e+00 3.069466882067851260e-02 0.000000000000000000e+00 3.069466882067851260e-02
1.913043478260869484e-02 0.000000000000000000e+00 1.739130434782608717e-02 0.000000000000000000e+00 3.826086956521738969e-02 9.565217391304348116e-02 5.043478260869565383e-02 6.434782608695652217e-02 0.000000000000000000e+00 1.913043478260869484e-02 0.000000000000000000e+00 0.000000000000000000e+00 1.913043478260869484e-02 2.782608695652174016e-02 2.434782608695652134e-02 0.000000000000000000e+00 0.000000000000000000e+00 3.652173913043478548e-02 5.217391304347826497e-03 6.956521739130434867e-02 3.008695652173912771e-01 0.000000000000000000e+00 6.782608695652174446e-02 7.478260869565217517e-02 6.956521739130434867e-02
1.279761904761904656e-01 0.000000000000000000e+00 2.529761904761904795e-02 0.000000000000000000e+00 6.845238095238095899e-02 6.398809523809523281e-02 1.860119047619047672e-01 9.672619047619047949e-02 0.000000000000000000e+00 8.630952380952380820e-02 0.000000000000000000e+00 0.000000000000000000e+00 1.011904761904761918e-01 2.083333333333333218e-02 1.488095238095238013e-02 0.000000000000000000e+00 0.000000000000000000e+00 6.845238095238095899e-02 2.529761904761904795e-02 2.976190476190476025e-02 0.000000000000000000e+00 0.000000000000000000e+00 2.529761904761904795e-02 2.976190476190476025e-02 2.976190476190476025e-02
2.976190476190476025e-02 2.976190476190476025e-02 2.529761904761904795e-02 0.000000000000000000e+00 0.000000000000000000e+00 2.976190476190476025e-02 2.529761904761904795e-02 6.845238095238095899e-02 0.000000000000000000e+00 0.000000000000000000e+00 1.488095238095238013e-02 2.083333333333333218e-02 1.011904761904761918e-01 0.000000000000000000e+00 0.000000000000000000e+00 8.630952380952380820e-02 0.000000000000000000e+00 9.672619047619047949e-02 1.860119047619047672e-01 6.398809523809523281e-02 6.845238095238095899e-02 0.000000000000000000e+00 2.529761904761904795e-02 0.000000000000000000e+00 1.279761904761904656e-01
1.810897435897435848e-01 0.000000000000000000e+00 9.615384615384615918e-03 0.000000000000000000e+00 6.250000000000000000e-02 1.506410256410256332e-01 0.000000000000000000e+00 6.410256410256409687e-02 0.000000000000000000e+00 3.846153846153846367e-02 0.000000000000000000e+00 0.000000000000000000e+00 1.538461538461538547e-01 9.455128205128204844e-02 6.730769230769230449e-02 0.000000000000000000e+00 0.000000000000000000e+00 2.884615384615384776e-02 2.083333333333333218e-02 4.807692307692307959e-02 0.000000000000000000e+00 0.000000000000000000e+00 2.403846153846153980e-02 4.647435897435897578e-02 9.615384615384615918e-03
0.000000000000000000e+00 0.000000000000000000e+00 1.307189542483660170e-02 0.000000000000000000e+00 4.901960784313725422e-02 7.075163398692810857e-01 0.000000000000000000e+00 2.124183006535947799e-02 0.000000000000000000e+00 1.797385620915032539e-02 0.000000000000000000e+00 0.000000000000000000e+00 2.450980392156862711e-02 2.450980392156862711e-02 1.797385620915032539e-02 0.000000000000000000e+00 0.000000000000000000e+00 3.104575163398692883e-02 1.797385620915032539e-02 2.124183006535947799e-02 0.000000000000000000e+00 0.000000000000000000e+00 1.797385620915032539e-02 1.797385620915032539e-02 1.797385620915032539e-02
0.000000000000000000e+00 0.000000000000000000e+00 4.291845493562231745e-02 0.000000000000000000e+00 7.510729613733906074e-02 0.000000000000000000e+00 0.000000000000000000e+00 1.255364806866952898e-01 0.000000000000000000e+00 8.690987124463518676e-02 0.000000000000000000e+00 0.000000000000000000e+00 6.545064377682403844e-02 6.115879828326180323e-02 8.261802575107296542e-02 0.000000000000000000e+00 0.000000000000000000e+00 2.682403433476394927e-02 7.939914163090128207e-02 9.656652360515020905e-02 0.000000000000000000e+00 0.000000000000000000e+00 7.725321888412017834e-02 1.190987124463519370e-01 6.115879828326180323e-02
0.000000000000000000e+00 0.000000000000000000e+00 4.870129870129870017e-03 0.000000000000000000e+00 8.116883116883116117e-03 0.000000000000000000e+00 0.000000000000000000e+00 0.000000000000000000e+00 0.000000000000000000e+00 1.136363636363636395e-02 0.000000000000000000e+00 0.000000000000000000e+00 8.814935064935064402e-01 1.623376623376623223e-02 1.461038961038961005e-02 0.000000000000000000e+00 0.000000000000000000e+00 1.461038961038961005e-02 8.116883116883116117e-03 1.623376623376623223e-02 0.000000000000000000e+00 0.000000000000000000e+00 4.870129870129870017e-03 4.870129870129870017e-03 1.461038961038961005e-02
0.000000000000000000e+00 0.000000000000000000e+00 3.643336529242569705e-02 0.000000000000000000e+00 1.639501438159156332e-01 0.000000000000000000e+00 0.000000000000000000e+00 0.000000000000000000e+00 0.000000000000000000e+00 1.428571428571428492e-01 0.000000000000000000e+00 0.000000000000000000e+00 0.000000000000000000e+00 1.035474592521572340e-01 1.025886864813039256e-01 0.000000000000000000e+00 0.000000000000000000e+00 9.395973154362416424e-02 9.395973154362416424e-02 6.423777564717161881e-02 0.000000000000000000e+00 0.000000000000000000e+00 7.478427612655801082e-02 6.999041227229146900e-02 5.369127516778523374e-02
5.369127516778523374e-02 6.999041227229146900e-02 7.478427612655801082e-02 0.000000000000000000e+00 0.000000000000000000e+00 6.423777564717161881e-02 9.395973154362416424e-02 9.395973154362416424e-02 0.000000000000000000e+00 0.000000000000000000e+00 1.025886864813039256e-01 1.035474592521572340e-01 0.000000000000000000e+00 0.000000000000000000e+00 0.000000000000000000e+00 1.428571428571428492e-01 0.000000000000000000e+00 0.000000000000000000e+00 0.000000000000000000e+00 0.000000000000000000e+00 1.639501438159156332e-01 0.000000000000000000e+00 3.643336529242569705e-02 0.000000000000000000e+00 0.000000000000000000e+00
0.000000000000000000e+00 0.000000000000000000e+00 2.678571428571428423e-02 0.000000000000000000e+00 0.000000000000000000e+00 0.000000000000000000e+00 0.000000000000000000e+00 0.000000000000000000e+00 0.000000000000000000e+00 4.553571428571428492e-01 0.000000000000000000e+00 0.000000000000000000e+00 0.000000000000000000e+00 1.264880952380952328e-01 6.994047619047619180e-02 0.000000000000000000e+00 0.000000000000000000e+00 8.035714285714286309e-02 6.250000000000000000e-02 5.505952380952380820e-02 0.000000000000000000e+00 0.000000000000000000e+00 1.041666666666666609e-02 5.059523809523809590e-02 6.250000000000000000e-02
4.008016032064128098e-02 5.811623246492986228e-02 3.607214428857715566e-02 1.603206412825651170e-02 4.809619238476953856e-02 3.607214428857715566e-02 3.807615230460922179e-02 6.012024048096192320e-03 6.012024048096192320e-03 2.204408817635270662e-02 4.408817635270541324e-02 4.609218436873747243e-02 6.012024048096192147e-02 6.813627254509017905e-02 4.008016032064128098e-02 6.813627254509017905e-02 6.012024048096192147e-02 2.204408817635270662e-02 1.603206412825651170e-02 3.006012024048096073e-02 8.216432865731462809e-02 1.603206412825651170e-02 5.611222444889779615e-02 4.008016032064128098e-02 4.408817635270541324e-02
4.408817635270541324e-02 4.008016032064128098e-02 5.611222444889779615e-02 1.603206412825651170e-02 8.216432865731462809e-02 3.006012024048096073e-02 1.603206412825651170e-02 2.204408817635270662e-02 6.012024048096192147e-02 6.813627254509017905e-02 4.008016032064128098e-02 6.813627254509017905e-02 6.012024048096192147e-02 4.609218436873747243e-02 4.408817635270541324e-02 2.204408817635270662e-02 6.012024048096192320e-03 6.012024048096192320e-03 3.807615230460922179e-02 3.607214428857715566e-02 4.809619238476953856e-02 1.603206412825651170e-02 3.607214428857715566e-02 5.811623246492986228e-02 4.008016032064128098e-02
2.777777777777777624e-02 6.481481481481481122e-02 1.481481481481481538e-02 3.888888888888888951e-02 2.777777777777777624e-02 1.481481481481481538e-02 6.111111111111110911e-02 3.518518518518518740e-02 4.074074074074074403e-02 1.851851851851851749e-02 2.777777777777777624e-02 9.074074074074074681e-02 4.074074074074074403e-02 4.814814814814814825e-02 9.259259259259258745e-03 7.407407407407406996e-02 9.629629629629629650e-02 5.185185185185185036e-02 5.555555555555555247e-02 4.074074074074074403e-02 0.000000000000000000e+00 2.777777777777777624e-02 2.407407407407407413e-02 4.074074074074074403e-02 2.777777777777777624e-02
1.633393829401088779e-02 3.266787658802177557e-02 4.537205081669691553e-02 1.996370235934664256e-02 5.444646098003629552e-03 5.444646098003629552e-03 2.903811252268602427e-02 3.811252268602540599e-02 4.537205081669691553e-02 8.892921960072595888e-02 3.629764065335753381e-02 4.537205081669691553e-02 2.177858439201451821e-02 7.441016333938293981e-02 4.174228675136116423e-02 1.506352087114337657e-01 0.000000000000000000e+00 3.266787658802177557e-02 1.161524500907440971e-01 5.444646098003629552e-03 0.000000000000000000e+00 2.903811252268602427e-02 5.081669691470054595e-02 2.540834845735027298e-02 4.355716878402903641e-02
1.202749140893470854e-02 3.951890034364261006e-02 8.934707903780068905e-02 1.202749140893470854e-02 5.498281786941580651e-02 1.237113402061855716e-01 4.295532646048109970e-02 3.608247422680412042e-02 3.092783505154639290e-02 1.082474226804123751e-01 5.154639175257731687e-02 3.092783505154639290e-02 1.890034364261168262e-02 3.092783505154639290e-02 1.202749140893470854e-02 0.000000000000000000e+00 0.000000000000000000e+00 4.810996563573883417e-02 2.749140893470790326e-02 1.202749140893470854e-02 0.000000000000000000e+00 1.065292096219931234e-01 2.749140893470790326e-02 2.233676975945017226e-02 6.185567010309278579e-02
6.185567010309278579e-02 2.233676975945017226e-02 2.749140893470790326e-02 1.065292096219931234e-01 0.000000000000000000e+00 1.202749140893470854e-02 2.749140893470790326e-02 4.810996563573883417e-02 0.000000000000000000e+00 0.000000000000000000e+00 1.202749140893470854e-02 3.092783505154639290e-02 1.890034364261168262e-02 3.092783505154639290e-02 5.154639175257731687e-02 1.082474226804123751e-01 3.092783505154639290e-02 3.608247422680412042e-02 4.295532646048109970e-02 1.237113402061855716e-01 5.498281786941580651e-02 1.202749140893470854e-02 8.934707903780068905e-02 3.951890034364261006e-02 1.202749140893470854e-02
1.576182136602451850e-02 5.429071803852889705e-02 4.203152364273204933e-02 7.005253940455341555e-02 5.078809106830122627e-02 0.000000000000000000e+00 4.203152364273204933e-02 5.429071803852889705e-02 8.406304728546409866e-02 3.677758318739054316e-02 2.626970227670753083e-02 9.457092819614711099e-02 7.705779334500875710e-02 1.260945709281961480e-01 2.101576182136602466e-02 0.000000000000000000e+00 0.000000000000000000e+00 2.101576182136602466e-02 5.253940455341506166e-03 3.677758318739054316e-02 0.000000000000000000e+00 1.576182136602451850e-02 3.852889667250437855e-02 6.129597197898423860e-02 2.626970227670753083e-02
9.982486865148861022e-02 4.378283712784588472e-02 7.530647985989491477e-02 5.429071803852889705e-02 3.502626970227670777e-02 0.000000000000000000e+00 2.977232924693520161e-02 1.751313485113835389e-02 2.276707530647986005e-02 4.378283712784588472e-02 2.276707530647986005e-02 6.304728546409807399e-02 2.276707530647986005e-02 0.000000000000000000e+00 3.502626970227670777e-02 0.000000000000000000e+00 0.000000000000000000e+00 8.756567425569176943e-02 2.977232924693520161e-02 4.028021015761821394e-02 0.000000000000000000e+00 4.903677758318739088e-02 1.488616462346760150e-01 3.502626970227670777e-02 4.378283712784588472e-02
1.541095890410958819e-02 4.109589041095890183e-02 3.424657534246575152e-03 8.390410958904109817e-02 3.595890410958903910e-02 0.000000000000000000e+00 1.198630136986301303e-01 7.020547945205479756e-02 3.938356164383561425e-02 8.219178082191780366e-02 6.164383561643835274e-02 5.308219178082191486e-02 7.020547945205479756e-02 0.000000000000000000e+00 5.136986301369862729e-02 0.000000000000000000e+00 0.000000000000000000e+00 7.020547945205479756e-02 5.308219178082191486e-02 3.424657534246575152e-03 0.000000000000000000e+00 3.938356164383561425e-02 0.000000000000000000e+00 5.650684931506849001e-02 4.965753424657533971e-02
4.965753424657533971e-02 5.650684931506849001e-02 0.000000000000000000e+00 3.938356164383561425e-02 0.000000000000000000e+00 3.424657534246575152e-03 5.308219178082191486e-02 7.020547945205479756e-02 0.000000000000000000e+00 0.000000000000000000e+00 5.136986301369862729e-02 0.000000000000000000e+00 7.020547945205479756e-02 5.308219178082191486e-02 6.164383561643835274e-02 8.219178082191780366e-02 3.938356164383561425e-02 7.020547945205479756e-02 1.198630136986301303e-01 0.000000000000000000e+00 3.595890410958903910e-02 8.390410958904109817e-02 3.424657534246575152e-03 4.109589041095890183e-02 1.541095890410958819e-02
2.460456942003514877e-02 6.151142355008787366e-02 3.866432337434094757e-02 3.866432337434094757e-02 1.142355008787346166e-01 0.000000000000000000e+00 0.000000000000000000e+00 1.177504393673110689e-01 4.393673110720562602e-02 3.163444639718804990e-02 1.353251318101933165e-01 3.866432337434094757e-02 3.866432337434094757e-02 0.000000000000000000e+00 5.096660808435852369e-02 0.000000000000000000e+00 0.000000000000000000e+00 3.866432337434094757e-02 4.393673110720562602e-02 4.393673110720562602e-02 0.000000000000000000e+00 3.866432337434094757e-02 0.000000000000000000e+00 6.151142355008787366e-02 3.866432337434094757e-02
6.944444444444444059e-03 2.430555555555555594e-02 4.687500000000000000e-02 8.333333333333332871e-02 5.034722222222222376e-02 0.000000000000000000e+00 0.000000000000000000e+00 3.819444444444444753e-02 1.562500000000000000e-02 3.125000000000000000e-02 0.000000000000000000e+00 3.940972222222222099e-01 4.861111111111111188e-02 0.000000000000000000e+00 2.256944444444444406e-02 0.000000000000000000e+00 0.000000000000000000e+00 5.555555555555555247e-02 4.340277777777777624e-02 3.819444444444444753e-02 0.000000000000000000e+00 6.597222222222222376e-02 0.000000000000000000e+00 1.736111111111111188e-02 1.736111111111111188e-02
1.736111111111111188e-02 1.736111111111111188e-02 0.000000000000000000e+00 6.597222222222222376e-02 0.000000000000000000e+00 3.819444444444444753e-02 4.340277777777777624e-02 5.555555555555555247e-02 0.000000000000000000e+00 0.000000000000000000e+00 2.256944444444444406e-02 0.000000000000000000e+00 4.861111111111111188e-02 3.940972222222222099e-01 0.000000000000000000e+00 3.125000000000000000e-02 1.562500000000000000e-02 3.819444444444444753e-02 0.000000000000000000e+00 0.000000000000000000e+00 5.034722222222222376e-02 8.333333333333332871e-02 4.687500000000000000e-02 2.430555555555555594e-02 6.944444444444444059e-03
3.856749311294765947e-02 5.371900826446281141e-02 1.515151515151515194e-01 1.404958677685950452e-01 4.683195592286501507e-02 0.000000000000000000e+00 0.000000000000000000e+00 3.856749311294765947e-02 6.749311294765840408e-02 4.683195592286501507e-02 0.000000000000000000e+00 0.000000000000000000e+00 6.749311294765840408e-02 0.000000000000000000e+00 3.856749311294765947e-02 0.000000000000000000e+00 0.000000000000000000e+00 4.683195592286501507e-02 3.856749311294765947e-02 5.371900826446281141e-02 0.000000000000000000e+00 3.856749311294765947e-02 0.000000000000000000e+00 3.856749311294765947e-02 9.366391184573003015e-02
9.366391184573003015e-02 3.856749311294765947e-02 0.000000000000000000e+00 3.856749311294765947e-02 0.000000000000000000e+00 5.371900826446281141e-02 3.856749311294765947e-02 4.683195592286501507e-02 0.000000000000000000e+00 0.000000000000000000e+00 3.856749311294765947e-02 0.000000000000000000e+00 6.749311294765840408e-02 0.000000000000000000e+00 0.000000000000000000e+00 4.683195592286501507e-02 6.749311294765840408e-02 3.856749311294765947e-02 0.000000000000000000e+00 0.000000000000000000e+00 4.683195592286501507e-02 1.404958677685950452e-01 1.515151515151515194e-01 5.371900826446281141e-02 3.856749311294765947e-02
1.330049261083743883e-01 1.527093596059113378e-01 0.000000000000000000e+00 6.075533661740558505e-02 6.896551724137930939e-02 0.000000000000000000e+00 0.000000000000000000e+00 6.568144499178982243e-02 8.866995073891625889e-02 5.254515599343185378e-02 0.000000000000000000e+00 0.000000000000000000e+00 4.761904761904761640e-02 0.000000000000000000e+00 4.433497536945812945e-02 0.000000000000000000e+00 0.000000000000000000e+00 8.866995073891625889e-02 5.747126436781609116e-02 2.298850574712643646e-02 0.000000000000000000e+00 5.090311986863711030e-02 0.000000000000000000e+00 1.642036124794745561e-02 4.926108374384236682e-02
4.926108374384236682e-02 1.642036124794745561e-02 0.000000000000000000e+00 5.090311986863711030e-02 0.000000000000000000e+00 2.298850574712643646e-02 5.747126436781609116e-02 8.866995073891625889e-02 0.000000000000000000e+00 0.000000000000000000e+00 4.433497536945812945e-02 0.000000000000000000e+00 4.761904761904761640e-02 0.000000000000000000e+00 0.000000000000000000e+00 5.254515599343185378e-02 8.866995073891625889e-02 6.568144499178982243e-02 0.000000000000000000e+00 0.000000000000000000e+00 6.896551724137930939e-02 6.075533661740558505e-02 0.000000000000000000e+00 1.527093596059113378e-01 1.330049261083743883e-01
6.012024048096192320e-03 1.803607214428857783e-02 2.605210420841683194e-02 1.603206412825651170e-02 5.410821643286573002e-02 3.807615230460922179e-02 6.012024048096192320e-03 5.811623246492986228e-02 3.406813627254508953e-02 4.609218436873747243e-02 4.809619238476953856e-02 3.406813627254508953e-02 6.212424849699398760e-02 4.809619238476953856e-02 2.204408817635270662e-02 1.803607214428857783e-02 6.813627254509017905e-02 3.807615230460922179e-02 3.206412825651302340e-02 9.418837675350701100e-02 4.408817635270541324e-02 3.406813627254508953e-02 3.406813627254508953e-02 8.617234468937876035e-02 3.406813627254508953e-02
3.406813627254508953e-02 8.617234468937876035e-02 3.406813627254508953e-02 3.406813627254508953e-02 4.408817635270541324e-02 9.418837675350701100e-02 3.206412825651302340e-02 3.807615230460922179e-02 6.813627254509017905e-02 1.803607214428857783e-02 2.204408817635270662e-02 4.809619238476953856e-02 6.212424849699398760e-02 3.406813627254508953e-02 4.809619238476953856e-02 4.609218436873747243e-02 3.406813627254508953e-02 5.811623246492986228e-02 6.012024048096192320e-03 3.807615230460922179e-02 5.410821643286573002e-02 1.603206412825651170e-02 2.605210420841683194e-02 1.803607214428857783e-02 6.012024048096192320e-03
9.157509157509157935e-03 9.157509157509157935e-03 4.212454212454212754e-02 5.494505494505494414e-02 9.523809523809523281e-02 3.479853479853479981e-02 3.113553113553113594e-02 1.263736263736263687e-01 6.043956043956043994e-02 1.831501831501831587e-02 2.564102564102564014e-02 3.846153846153846367e-02 1.043956043956043994e-01 2.930402930402930400e-02 5.494505494505494414e-02 3.113553113553113594e-02 3.479853479853479981e-02 3.479853479853479981e-02 2.197802197802197974e-02 0.000000000000000000e+00 1.282051282051282007e-02 3.846153846153846367e-02 5.677655677655677607e-02 1.282051282051282007e-02 2.197802197802197974e-02
2.992957746478873068e-02 4.577464788732394513e-02 6.514084507042253169e-02 4.577464788732394513e-02 2.640845070422535162e-02 3.873239436619718007e-02 8.978873239436620246e-02 0.000000000000000000e+00 1.461267605633802813e-01 1.179577464788732349e-01 3.873239436619718007e-02 7.042253521126760722e-03 2.112676056338028130e-02 7.394366197183098455e-02 1.408450704225352144e-02 5.457746478873239104e-02 5.457746478873239104e-02 2.992957746478873068e-02 1.056338028169014065e-02 0.000000000000000000e+00 2.992957746478873068e-02 2.112676056338028130e-02 1.056338028169014065e-02 1.408450704225352144e-02 1.408450704225352144e-02
1.030927835051546372e-02 1.546391752577319645e-02 1.030927835051546372e-02 4.123711340206185488e-02 5.326460481099656169e-02 5.326460481099656169e-02 2.233676975945017226e-02 0.000000000000000000e+00 0.000000000000000000e+00 4.639175257731958935e-02 2.233676975945017226e-02 6.529209621993127544e-02 1.134020618556701027e-01 7.731958762886598224e-02 2.749140893470790326e-02 4.982817869415807899e-02 6.357388316151202368e-02 3.092783505154639290e-02 7.731958762886598224e-02 0.000000000000000000e+00 6.013745704467354097e-02 4.639175257731958935e-02 4.639175257731958935e-02 5.670103092783505133e-02 1.030927835051546372e-02
9.026548672566371556e-02 2.654867256637168105e-02 2.654867256637168105e-02 4.424778761061946841e-02 5.132743362831858336e-02 6.725663716814159199e-02 6.194690265486725578e-02 0.000000000000000000e+00 0.000000000000000000e+00 1.061946902654867242e-02 4.601769911504424715e-02 7.964601769911504314e-02 0.000000000000000000e+00 1.805309734513274311e-01 7.079646017699114946e-03 2.477876106194690231e-02 3.539823008849557473e-02 4.955752212389380462e-02 2.654867256637168105e-02 0.000000000000000000e+00 2.654867256637168105e-02 3.539823008849557473e-02 4.070796460176991094e-02 3.893805309734513220e-02 3.008849557522123852e-02
3.008849557522123852e-02 3.893805309734513220e-02 4.070796460176991094e-02 3.539823008849557473e-02 2.654867256637168105e-02 0.000000000000000000e+00 2.654867256637168105e-02 4.955752212389380462e-02 3.539823008849557473e-02 2.477876106194690231e-02 7.079646017699114946e-03 1.805309734513274311e-01 0.000000000000000000e+00 7.964601769911504314e-02 4.601769911504424715e-02 1.061946902654867242e-02 0.000000000000000000e+00 0.000000000000000000e+00 6.194690265486725578e-02 6.725663716814159199e-02 5.132743362831858336e-02 4.424778761061946841e-02 2.654867256637168105e-02 2.654867256637168105e-02 9.026548672566371556e-02
2.995008319467554192e-02 3.826955074875208057e-02 3.494176372712146095e-02 1.048252911813643967e-01 2.079866888519134871e-01 2.662229617304492577e-02 8.652246256239601307e-02 0.000000000000000000e+00 0.000000000000000000e+00 3.494176372712146095e-02 2.163061564059900327e-02 5.324459234608985153e-02 0.000000000000000000e+00 0.000000000000000000e+00 7.986688851913477383e-02 2.995008319467554192e-02 2.163061564059900327e-02 6.655574043261230921e-02 2.163061564059900327e-02 0.000000000000000000e+00 1.164725457570715481e-02 4.492512479201331288e-02 1.663893510815307730e-02 4.159733777038269326e-02 2.662229617304492577e-02
2.662229617304492577e-02 4.159733777038269326e-02 1.663893510815307730e-02 4.492512479201331288e-02 1.164725457570715481e-02 0.000000000000000000e+00 2.163061564059900327e-02 6.655574043261230921e-02 2.163061564059900327e-02 2.995008319467554192e-02 7.986688851913477383e-02 0.000000000000000000e+00 0.000000000000000000e+00 5.324459234608985153e-02 2.163061564059900327e-02 3.494176372712146095e-02 0.000000000000000000e+00 0.000000000000000000e+00 8.652246256239601307e-02 2.662229617304492577e-02 2.079866888519134871e-01 1.048252911813643967e-01 3.494176372712146095e-02 3.826955074875208057e-02 2.995008319467554192e-02
1.602564102564102422e-02 1.602564102564102422e-02 1.121794871794871799e-02 5.304487179487179516e-01 0.000000000000000000e+00 1.602564102564102422e-02 2.564102564102564014e-02 0.000000000000000000e+00 0.000000000000000000e+00 3.044871794871794810e-02 3.685897435897435986e-02 2.884615384615384776e-02 0.000000000000000000e+00 0.000000000000000000e+00 1.442307692307692388e-02 1.602564102564102422e-02 2.884615384615384776e-02 6.410256410256409687e-02 1.442307692307692388e-02 0.000000000000000000e+00 5.288461538461538408e-02 1.442307692307692388e-02 2.083333333333333218e-02 1.442307692307692388e-02 4.807692307692307959e-02
4.807692307692307959e-02 1.442307692307692388e-02 2.083333333333333218e-02 1.442307692307692388e-02 5.288461538461538408e-02 0.000000000000000000e+00 1.442307692307692388e-02 6.410256410256409687e-02 2.884615384615384776e-02 1.602564102564102422e-02 1.442307692307692388e-02 0.000000000000000000e+00 0.000000000000000000e+00 2.884615384615384776e-02 3.685897435897435986e-02 3.044871794871794810e-02 0.000000000000000000e+00 0.000000000000000000e+00 2.564102564102564014e-02 1.602564102564102422e-02 0.000000000000000000e+00 5.304487179487179516e-01 1.121794871794871799e-02 1.602564102564102422e-02 1.602564102564102422e-02
5.301204819277108293e-02 3.734939759036144669e-02 2.530120481927710871e-02 0.000000000000000000e+00 0.000000000000000000e+00 5.783132530120482090e-02 3.734939759036144669e-02 0.000000000000000000e+00 0.000000000000000000e+00 3.734939759036144669e-02 6.144578313253012264e-02 3.734939759036144669e-02 0.000000000000000000e+00 0.000000000000000000e+00 6.144578313253012264e-02 6.626506024096386060e-02 4.698795180722891568e-02 9.638554216867470381e-02 7.951807228915662440e-02 0.000000000000000000e+00 7.108433734939759163e-02 6.144578313253012264e-02 5.662650602409638467e-02 7.108433734939759163e-02 4.216867469879517771e-02
4.145077720207254041e-02 4.490500863557858602e-02 6.735751295336787903e-02 0.000000000000000000e+00 0.000000000000000000e+00 2.417962003454231582e-02 1.899827288428324740e-02 0.000000000000000000e+00 0.000000000000000000e+00 6.044905008635578780e-02 5.699481865284974219e-02 6.563039723661485969e-02 0.000000000000000000e+00 0.000000000000000000e+00 2.141623488773747863e-01 3.972366148531951413e-02 1.208981001727115791e-02 0.000000000000000000e+00 1.761658031088082776e-01 0.000000000000000000e+00 5.699481865284974219e-02 3.108808290155440357e-02 6.044905008635578780e-02 3.454231433506044745e-03 2.590673575129533515e-02
5.296950240770465640e-02 8.025682182985553748e-02 5.939004815409310023e-02 0.000000000000000000e+00 0.000000000000000000e+00 6.741573033707864981e-02 8.667736757624397437e-02 0.000000000000000000e+00 0.000000000000000000e+00 5.939004815409310023e-02 5.939004815409310023e-02 4.494382022471909988e-02 0.000000000000000000e+00 0.000000000000000000e+00 0.000000000000000000e+00 4.494382022471909988e-02 4.494382022471909988e-02 0.000000000000000000e+00 7.383627608346710058e-02 0.000000000000000000e+00 5.939004815409310023e-02 7.383627608346710058e-02 6.741573033707864981e-02 6.581059390048153712e-02 5.939004815409310023e-02
5.939004815409310023e-02 6.581059390048153712e-02 6.741573033707864981e-02 7.383627608346710058e-02 5.939004815409310023e-02 0.000000000000000000e+00 7.383627608346710058e-02 0.000000000000000000e+00 4.494382022471909988e-02 4.494382022471909988e-02 0.000000000000000000e+00 0.000000000000000000e+00 0.000000000000000000e+00 4.494382022471909988e-02 5.939004815409310023e-02 5.939004815409310023e-02 0.000000000000000000e+00 0.000000000000000000e+00 8.667736757624397437e-02 6.741573033707864981e-02 0.000000000000000000e+00 0.000000000000000000e+00 5.939004815409310023e-02 8.025682182985553748e-02 5.296950240770465640e-02
5.063291139240506250e-02 3.074141048824593006e-02 2.893309222423146379e-02 0.000000000000000000e+00 0.000000000000000000e+00 7.052441229656419841e-02 0.000000000000000000e+00 0.000000000000000000e+00 0.000000000000000000e+00 5.244122965641952877e-02 7.052441229656419841e-02 3.074141048824593006e-02 0.000000000000000000e+00 0.000000000000000000e+00 0.000000000000000000e+00 3.797468354430379861e-02 5.967450271247739385e-02 0.000000000000000000e+00 9.403254972875225992e-02 0.000000000000000000e+00 5.424954792043399504e-02 2.712477396021699752e-02 1.175406871609403214e-01 1.374321880650994643e-01 1.374321880650994643e-01
1.374321880650994643e-01 1.374321880650994643e-01 1.175406871609403214e-01 2.712477396021699752e-02 5.424954792043399504e-02 0.000000000000000000e+00 9.403254972875225992e-02 0.000000000000000000e+00 5.967450271247739385e-02 3.797468354430379861e-02 0.000000000000000000e+00 0.000000000000000000e+00 0.000000000000000000e+00 3.074141048824593006e-02 7.052441229656419841e-02 5.244122965641952877e-02 0.000000000000000000e+00 0.000000000000000000e+00 0.000000000000000000e+00 7.052441229656419841e-02 0.000000000000000000e+00 0.000000000000000000e+00 2.893309222423146379e-02 3.074141048824593006e-02 5.063291139240506250e-02
3.607214428857715566e-02 5.010020040080160469e-02 2.805611222444889807e-02 3.206412825651302340e-02 9.418837675350701100e-02 6.012024048096192320e-03 3.607214428857715566e-02 2.204408817635270662e-02 6.212424849699398760e-02 5.210420841683366389e-02 5.210420841683366389e-02 2.204408817635270662e-02 3.406813627254508953e-02 2.204408817635270662e-02 3.607214428857715566e-02 8.016032064128256196e-02 8.016032064128256196e-02 1.402805611222444904e-02 4.408817635270541324e-02 4.809619238476953856e-02 9.218436873747494487e-02 6.012024048096192320e-03 2.004008016032064049e-02 1.402805611222444904e-02 1.603206412825651170e-02
2.380952380952380820e-02 9.157509157509157935e-03 6.959706959706959961e-02 5.677655677655677607e-02 0.000000000000000000e+00 2.747252747252747207e-02 1.465201465201465200e-02 4.395604395604395948e-02 2.747252747252747207e-02 6.410256410256409687e-02 6.043956043956043994e-02 5.677655677655677607e-02 7.326007326007326348e-02 6.959706959706959961e-02 3.846153846153846367e-02 9.157509157509157935e-03 2.747252747252747207e-02 3.113553113553113594e-02 4.029304029304029561e-02 1.465201465201465200e-02 9.706959706959707168e-02 2.747252747252747207e-02 7.326007326007326348e-02 9.157509157509157935e-03 3.479853479853479981e-02
6.340579710144927938e-02 3.079710144927536378e-02 3.079710144927536378e-02 3.985507246376811252e-02 0.000000000000000000e+00 4.528985507246376802e-02 2.173913043478260809e-02 1.268115942028985588e-02 2.898550724637681195e-02 6.702898550724638305e-02 3.442028985507246397e-02 3.985507246376811252e-02 6.159420289855072755e-02 5.434782608695652023e-03 2.898550724637681195e-02 2.717391304347826012e-02 5.615942028985507206e-02 5.253623188405796840e-02 9.601449275362318458e-02 4.166666666666666435e-02 0.000000000000000000e+00 7.246376811594203160e-02 4.891304347826087168e-02 4.166666666666666435e-02 5.253623188405796840e-02
5.253623188405796840e-02 4.166666666666666435e-02 4.891304347826087168e-02 7.246376811594203160e-02 0.000000000000000000e+00 4.166666666666666435e-02 9.601449275362318458e-02 5.253623188405796840e-02 5.615942028985507206e-02 2.717391304347826012e-02 2.898550724637681195e-02 5.434782608695652023e-03 6.159420289855072755e-02 3.985507246376811252e-02 3.442028985507246397e-02 6.702898550724638305e-02 2.898550724637681195e-02 1.268115942028985588e-02 2.173913043478260809e-02 4.528985507246376802e-02 0.000000000000000000e+00 3.985507246376811252e-02 3.079710144927536378e-02 3.079710144927536378e-02 6.340579710144927938e-02
3.260869565217391214e-02 2.355072463768115992e-02 3.260869565217391214e-02 2.355072463768115992e-02 0.000000000000000000e+00 5.253623188405796840e-02 1.630434782608695607e-02 2.355072463768115992e-02 7.246376811594203160e-02 7.246376811594203160e-02 1.086956521739130405e-02 3.623188405797101580e-02 8.876811594202899114e-02 1.557971014492753603e-01 1.992753623188405626e-02 3.985507246376811252e-02 5.253623188405796840e-02 3.260869565217391214e-02 0.000000000000000000e+00 4.891304347826087168e-02 0.000000000000000000e+00 3.985507246376811252e-02 3.985507246376811252e-02 3.623188405797101580e-02 4.891304347826087168e-02
2.564102564102564014e-02 1.367521367521367520e-02 5.641025641025641107e-02 3.247863247863248121e-02 0.000000000000000000e+00 2.564102564102564014e-02 1.709401709401709574e-02 1.709401709401709574e-02 3.247863247863248121e-02 5.641025641025641107e-02 3.589743589743589480e-02 4.444444444444444614e-02 6.666666666666666574e-02 0.000000000000000000e+00 1.504273504273504203e-01 3.760683760683760507e-02 3.760683760683760507e-02 1.230769230769230838e-01 0.000000000000000000e+00 3.760683760683760507e-02 0.000000000000000000e+00 4.273504273504273587e-02 4.957264957264957000e-02 7.350427350427350681e-02 2.393162393162393334e-02
6.814310051107325475e-03 4.599659284497444739e-02 3.407155025553662564e-02 1.192504258943782001e-02 0.000000000000000000e+00 6.814310051107325475e-03 2.214650766609880736e-02 1.533219761499148188e-02 6.814310051107325475e-03 5.451448040885860102e-01 2.214650766609880736e-02 6.814310051107325475e-03 8.177172061328789876e-02 0.000000000000000000e+00 0.000000000000000000e+00 1.873935264054514549e-02 1.192504258943782001e-02 4.770017035775128006e-02 0.000000000000000000e+00 3.066439522998296377e-02 0.000000000000000000e+00 3.066439522998296377e-02 1.873935264054514549e-02 2.896081771720613457e-02 6.814310051107325475e-03
3.296703296703296787e-02 3.907203907203907201e-02 2.686202686202686374e-02 5.372405372405372748e-02 0.000000000000000000e+00 2.930402930402930400e-02 3.296703296703296787e-02 2.319902319902319987e-02 1.953601953601953600e-02 0.000000000000000000e+00 4.151404151404151227e-02 2.930402930402930400e-02 6.715506715506715241e-02 0.000000000000000000e+00 0.000000000000000000e+00 9.645909645909646335e-02 8.058608058608059121e-02 2.234432234432234543e-01 0.000000000000000000e+00 1.221001221001221000e-02 0.000000000000000000e+00 8.058608058608059121e-02 3.907203907203907201e-02 3.907203907203907201e-02 3.296703296703296787e-02
3.296703296703296787e-02 3.907203907203907201e-02 3.907203907203907201e-02 8.058608058608059121e-02 0.000000000000000000e+00 1.221001221001221000e-02 0.000000000000000000e+00 2.234432234432234543e-01 8.058608058608059121e-02 9.645909645909646335e-02 0.000000000000000000e+00 0.000000000000000000e+00 6.715506715506715241e-02 2.930402930402930400e-02 4.151404151404151227e-02 0.000000000000000000e+00 1.953601953601953600e-02 2.319902319902319987e-02 3.296703296703296787e-02 2.930402930402930400e-02 0.000000000000000000e+00 5.372405372405372748e-02 2.686202686202686374e-02 3.907203907203907201e-02 3.296703296703296787e-02
