1.000500250125062503e-02 7.903951975987993928e-02 4.652326163081541011e-02 7.403701850925462069e-02 3.001500750375187595e-03 2.901450725362681241e-02 6.253126563281641292e-02 2.101050525262631447e-02 1.800900450225112470e-02 1.335667833916958369e-01 5.802901450725362481e-02 1.450725362681340620e-02 5.502751375687844199e-02 5.502751375687843852e-03 1.600800400200099935e-02 6.803401700850425504e-02 9.004502251125562351e-03 4.052026013006503058e-02 1.450725362681340620e-02 1.850925462731365517e-02 6.803401700850425504e-02 7.653826913456727998e-02 6.753376688344171763e-02 1.000500250125062503e-02 1.500750375187593797e-03
1.853486319505736821e-02 4.633715798764342225e-02 1.853486319505736821e-02 6.619593998234775400e-02 1.394527802294792673e-01 5.339805825242718157e-02 2.559576345984113099e-02 1.072374227714033568e-01 6.619593998234775227e-03 0.000000000000000000e+00 9.267431597528684104e-03 3.706972639011473641e-02 1.359223300970873738e-01 4.810238305383936208e-02 1.368049426301853541e-02 1.173874669020300021e-01 3.398058252427184345e-02 2.162400706090026464e-02 7.943512797881729232e-03 1.456310679611650533e-02 2.691968225948808413e-02 1.015004413062665575e-02 1.235657546337158054e-02 9.267431597528684104e-03 1.985878199470432481e-02
3.196544276457883443e-02 2.850971922246220425e-02 4.017278617710583200e-02 1.533477321814254724e-01 0.000000000000000000e+00 1.684665226781857303e-02 5.788336933045356431e-02 1.943844492440604740e-02 8.466522678185744999e-02 0.000000000000000000e+00 1.771058315334773231e-02 8.336933045356371974e-02 1.727861771058315310e-03 1.771058315334773231e-02 1.987041036717062531e-02 1.896328293736501136e-01 9.503239740820734749e-03 5.399568034557235274e-02 3.369330453563714606e-02 6.825053995680345487e-02 1.511879049676025967e-02 3.455723542116630881e-02 8.639308855291577202e-03 3.023758099352051847e-03 1.036717062634989230e-02
2.050861361771944176e-03 5.291222313371615749e-02 3.076292042657916351e-02 6.357670221493026685e-02 0.000000000000000000e+00 5.332239540607054684e-03 1.402789171452009931e-01 2.707136997538966416e-01 2.050861361771944176e-03 0.000000000000000000e+00 8.203445447087776704e-03 3.978671041837571892e-02 5.127153404429860700e-02 2.050861361771944176e-03 3.281378178835110942e-03 0.000000000000000000e+00 7.383100902378998860e-03 7.260049220672681880e-02 1.353568498769483139e-02 5.209187858900738571e-02 2.748154224774405213e-02 4.593929450369155232e-02 3.322395406070549617e-02 5.045118949958982829e-02 2.502050861361771947e-02
9.019165727170236346e-03 7.703870725291243893e-02 1.164975573092822195e-02 9.470124013528748164e-02 0.000000000000000000e+00 9.244644870349492949e-02 1.878992859827132572e-03 0.000000000000000000e+00 1.619691845170988242e-01 0.000000000000000000e+00 1.724915445321307805e-01 1.240135287485907498e-02 1.653513716647876663e-02 2.893649004133784161e-02 9.019165727170236346e-03 0.000000000000000000e+00 3.194287861706125720e-02 6.275836151822622444e-02 5.599398722284855412e-02 7.140172867343103774e-03 5.524239007891770109e-02 6.388575723412250745e-03 9.770762871101089375e-03 3.945885005636978748e-02 4.321683577602405263e-02
3.376729048006509026e-02 4.068348250610252445e-03 1.505288852725793387e-02 6.753458096013018053e-02 0.000000000000000000e+00 6.794141578519120872e-02 3.539462978030919610e-02 0.000000000000000000e+00 1.830756712774613340e-02 0.000000000000000000e+00 0.000000000000000000e+00 1.627339300244100848e-03 8.543531326281529614e-03 6.916192026037428983e-03 1.098454027664768143e-02 0.000000000000000000e+00 4.393816110659072571e-02 1.342554922701383324e-02 6.102522375915378668e-03 3.010577705451586775e-02 5.467860048820178953e-01 2.196908055329536286e-02 3.824247355573637264e-02 8.543531326281529614e-03 2.074857607811228521e-02
2.482799880346993684e-02 4.606640741848638809e-02 2.363146874065210831e-02 8.525276697577026386e-02 0.000000000000000000e+00 6.521088842357164461e-02 6.431349087645826801e-02 0.000000000000000000e+00 4.875860005982650403e-02 0.000000000000000000e+00 0.000000000000000000e+00 1.645228836374514059e-02 4.486987735566856129e-03 5.922823810948250195e-02 2.093927609931199498e-03 0.000000000000000000e+00 3.975471133712234484e-01 7.358659886329643740e-02 4.068202213580616317e-02 1.017050553395154079e-02 0.000000000000000000e+00 2.093927609931199498e-03 2.273407119353873865e-02 9.572240502542626525e-03 3.290457672749028031e-03
2.103365384615384776e-02 6.159855769230769551e-02 1.622596153846153980e-02 3.665865384615384776e-02 0.000000000000000000e+00 4.957932692307692041e-02 3.906250000000000000e-03 0.000000000000000000e+00 1.352163461538461592e-02 0.000000000000000000e+00 0.000000000000000000e+00 7.512019230769230969e-03 1.532451923076923010e-02 2.103365384615384515e-03 1.051682692307692388e-02 0.000000000000000000e+00 0.000000000000000000e+00 1.953125000000000000e-02 2.704326923076923010e-03 1.262019230769230796e-02 0.000000000000000000e+00 6.989182692307692735e-01 1.201923076923076990e-02 2.704326923076923010e-03 1.352163461538461592e-02
2.589595375722543447e-02 3.236994219653178961e-02 2.450867052023121551e-02 1.331791907514450757e-01 0.000000000000000000e+00 2.589595375722543447e-02 3.052023121387283100e-02 0.000000000000000000e+00 1.801156069364161783e-01 0.000000000000000000e+00 0.000000000000000000e+00 1.017341040462427758e-02 2.450867052023121551e-02 1.919075144508670602e-02 5.433526011560693703e-02 0.000000000000000000e+00 0.000000000000000000e+00 6.890173410404623611e-02 1.643930635838150300e-01 2.797687861271676291e-02 0.000000000000000000e+00 0.000000000000000000e+00 5.063583815028901980e-02 9.895953757225434133e-02 2.843930635838150256e-02
5.399568034557235101e-03 2.447804175665946672e-02 6.839452843772498257e-03 1.047516198704103729e-01 0.000000000000000000e+00 3.167746580273578250e-02 2.555795536357091322e-02 0.000000000000000000e+00 0.000000000000000000e+00 0.000000000000000000e+00 0.000000000000000000e+00 1.079913606911447150e-03 2.123830093592512722e-02 7.199424046076314046e-03 3.599712023038156850e-02 0.000000000000000000e+00 0.000000000000000000e+00 5.291576673866090624e-02 2.397408207343412478e-01 1.871850251979841756e-02 0.000000000000000000e+00 0.000000000000000000e+00 3.671706263498920042e-01 4.931605471562275356e-02 7.919366450683945624e-03
1.722424643921828535e-02 2.484266313348790917e-02 1.722424643921828535e-02 1.076515402451142800e-01 0.000000000000000000e+00 1.324942033786021857e-02 3.477972838688307700e-02 0.000000000000000000e+00 0.000000000000000000e+00 0.000000000000000000e+00 0.000000000000000000e+00 1.987413050679032872e-02 2.484266313348790917e-02 3.577343491222258892e-02 2.043723087114938664e-01 0.000000000000000000e+00 0.000000000000000000e+00 3.113613779397151476e-02 9.605829744948658766e-02 2.454455117588605628e-01 0.000000000000000000e+00 0.000000000000000000e+00 0.000000000000000000e+00 1.076515402451142800e-01 1.987413050679032872e-02
1.277372262773722629e-02 2.445255474452554673e-02 8.394160583941606343e-03 8.062043795620438269e-01 0.000000000000000000e+00 7.299270072992700489e-03 2.445255474452554673e-02 0.000000000000000000e+00 0.000000000000000000e+00 0.000000000000000000e+00 0.000000000000000000e+00 2.554744525547445258e-03 2.262773722627737377e-02 8.394160583941606343e-03 9.489051094890510463e-03 0.000000000000000000e+00 0.000000000000000000e+00 4.014598540145985529e-03 7.299270072992700273e-04 0.000000000000000000e+00 0.000000000000000000e+00 0.000000000000000000e+00 0.000000000000000000e+00 1.167883211678832044e-02 5.693430656934306278e-02
2.923003802281368829e-02 8.151140684410645987e-02 6.368821292775665721e-02 0.000000000000000000e+00 0.000000000000000000e+00 1.211977186311787025e-01 8.056083650190114243e-02 0.000000000000000000e+00 0.000000000000000000e+00 0.000000000000000000e+00 0.000000000000000000e+00 7.129277566539924185e-03 1.428231939163498165e-01 3.944866920152090978e-02 5.893536121673003531e-02 0.000000000000000000e+00 0.000000000000000000e+00 1.803707224334600845e-01 1.009980988593155854e-01 0.000000000000000000e+00 0.000000000000000000e+00 0.000000000000000000e+00 0.000000000000000000e+00 6.392585551330798310e-02 3.018060836501901267e-02
1.957940536620739538e-02 2.512690355329948999e-01 7.251631617113850825e-04 0.000000000000000000e+00 0.000000000000000000e+00 8.992023205221175153e-02 2.712110224800580172e-01 0.000000000000000000e+00 0.000000000000000000e+00 0.000000000000000000e+00 0.000000000000000000e+00 1.812907904278462587e-02 1.957940536620739538e-02 1.160261058738216132e-02 4.459753444525017818e-02 0.000000000000000000e+00 0.000000000000000000e+00 0.000000000000000000e+00 1.823785351704133306e-01 0.000000000000000000e+00 0.000000000000000000e+00 0.000000000000000000e+00 0.000000000000000000e+00 2.465554749818709215e-02 6.635242929659172784e-02
2.111394248270840809e-02 2.111394248270840809e-02 5.460502366217692347e-03 0.000000000000000000e+00 0.000000000000000000e+00 8.332726610848197879e-01 0.000000000000000000e+00 0.000000000000000000e+00 0.000000000000000000e+00 0.000000000000000000e+00 0.000000000000000000e+00 9.464870768110665578e-03 1.638150709865307530e-02 7.644703312704768418e-03 1.638150709865307530e-02 0.000000000000000000e+00 0.000000000000000000e+00 0.000000000000000000e+00 2.111394248270840809e-02 0.000000000000000000e+00 0.000000000000000000e+00 0.000000000000000000e+00 0.000000000000000000e+00 2.548234437568256197e-02 2.257007644703312721e-02
1.156177156177156246e-01 1.787878787878788012e-01 1.191142191142191137e-01 0.000000000000000000e+00 0.000000000000000000e+00 0.000000000000000000e+00 0.000000000000000000e+00 0.000000000000000000e+00 0.000000000000000000e+00 0.000000000000000000e+00 0.000000000000000000e+00 2.284382284382284467e-02 8.368298368298368595e-02 4.568764568764568934e-02 4.382284382284382107e-02 0.000000000000000000e+00 0.000000000000000000e+00 0.000000000000000000e+00 1.573426573426573438e-01 0.000000000000000000e+00 0.000000000000000000e+00 0.000000000000000000e+00 0.000000000000000000e+00 6.993006993006993521e-02 1.631701631701631683e-01
9.537405131911818046e-01 0.000000000000000000e+00 8.673653776653415109e-03 0.000000000000000000e+00 0.000000000000000000e+00 0.000000000000000000e+00 0.000000000000000000e+00 0.000000000000000000e+00 0.000000000000000000e+00 0.000000000000000000e+00 0.000000000000000000e+00 2.891217925551138514e-03 8.673653776653415109e-03 2.891217925551138514e-03 2.891217925551138514e-03 0.000000000000000000e+00 0.000000000000000000e+00 0.000000000000000000e+00 1.264907842428623051e-02 0.000000000000000000e+00 0.000000000000000000e+00 0.000000000000000000e+00 0.000000000000000000e+00 4.698229129020599706e-03 2.891217925551138514e-03
0.000000000000000000e+00 0.000000000000000000e+00 9.375000000000000000e-02 0.000000000000000000e+00 0.000000000000000000e+00 0.000000000000000000e+00 0.000000000000000000e+00 0.000000000000000000e+00 0.000000000000000000e+00 0.000000000000000000e+00 0.000000000000000000e+00 1.049568965517241326e-01 7.413793103448275412e-02 1.012931034482758563e-01 1.105603448275862127e-01 0.000000000000000000e+00 0.000000000000000000e+00 0.000000000000000000e+00 2.959051724137931050e-01 0.000000000000000000e+00 0.000000000000000000e+00 0.000000000000000000e+00 0.000000000000000000e+00 1.452586206896551713e-01 7.413793103448275412e-02
0.000000000000000000e+00 0.000000000000000000e+00 4.444444444444444441e-03 0.000000000000000000e+00 0.000000000000000000e+00 0.000000000000000000e+00 0.000000000000000000e+00 0.000000000000000000e+00 0.000000000000000000e+00 0.000000000000000000e+00 0.000000000000000000e+00 4.444444444444444441e-03 4.444444444444444441e-03 6.222222222222221870e-03 9.733333333333333837e-01 0.000000000000000000e+00 0.000000000000000000e+00 0.000000000000000000e+00 0.000000000000000000e+00 0.000000000000000000e+00 0.000000000000000000e+00 0.000000000000000000e+00 0.000000000000000000e+00 4.444444444444444441e-03 2.666666666666666578e-03
0.000000000000000000e+00 0.000000000000000000e+00 1.644093303235515391e-01 0.000000000000000000e+00 0.000000000000000000e+00 0.000000000000000000e+00 0.000000000000000000e+00 0.000000000000000000e+00 0.000000000000000000e+00 0.000000000000000000e+00 0.000000000000000000e+00 2.097441685477802742e-01 1.471030850263355949e-01 1.382618510158013514e-01 0.000000000000000000e+00 0.000000000000000000e+00 0.000000000000000000e+00 0.000000000000000000e+00 0.000000000000000000e+00 0.000000000000000000e+00 0.000000000000000000e+00 0.000000000000000000e+00 0.000000000000000000e+00 1.427765237020316158e-01 1.977050413844996246e-01
0.000000000000000000e+00 0.000000000000000000e+00 1.804752729608220807e-01 0.000000000000000000e+00 0.000000000000000000e+00 0.000000000000000000e+00 0.000000000000000000e+00 0.000000000000000000e+00 0.000000000000000000e+00 0.000000000000000000e+00 0.000000000000000000e+00 0.000000000000000000e+00 1.926782273603082829e-03 2.665382145150931303e-01 0.000000000000000000e+00 0.000000000000000000e+00 0.000000000000000000e+00 0.000000000000000000e+00 0.000000000000000000e+00 0.000000000000000000e+00 0.000000000000000000e+00 0.000000000000000000e+00 0.000000000000000000e+00 2.665382145150931303e-01 2.845215157353885860e-01
0.000000000000000000e+00 0.000000000000000000e+00 2.346620450606585750e-01 0.000000000000000000e+00 0.000000000000000000e+00 0.000000000000000000e+00 0.000000000000000000e+00 0.000000000000000000e+00 0.000000000000000000e+00 0.000000000000000000e+00 0.000000000000000000e+00 0.000000000000000000e+00 2.596187175043327411e-01 2.714038128249566806e-01 0.000000000000000000e+00 0.000000000000000000e+00 0.000000000000000000e+00 0.000000000000000000e+00 0.000000000000000000e+00 0.000000000000000000e+00 0.000000000000000000e+00 0.000000000000000000e+00 0.000000000000000000e+00 2.343154246100520033e-01 0.000000000000000000e+00
0.000000000000000000e+00 0.000000000000000000e+00 1.437814521926671519e-03 0.000000000000000000e+00 0.000000000000000000e+00 0.000000000000000000e+00 0.000000000000000000e+00 0.000000000000000000e+00 0.000000000000000000e+00 0.000000000000000000e+00 0.000000000000000000e+00 0.000000000000000000e+00 9.982027318475916733e-01 0.000000000000000000e+00 0.000000000000000000e+00 0.000000000000000000e+00 0.000000000000000000e+00 0.000000000000000000e+00 0.000000000000000000e+00 0.000000000000000000e+00 0.000000000000000000e+00 0.000000000000000000e+00 0.000000000000000000e+00 3.594536304816678797e-04 0.000000000000000000e+00
4.252126063031515940e-02 1.700850425212606376e-02 2.701350675337668705e-02 1.260630315157578729e-01 8.254127063531765951e-02 9.804902451225612492e-02 4.602301150575287964e-02 4.152076038019009846e-02 1.500750375187593797e-03 1.100550275137568770e-02 3.001500750375187595e-03 1.500750375187593797e-03 1.500750375187593797e-03 4.852426213106553199e-02 3.651825912956477987e-02 8.504252126063031880e-03 1.790895447723862000e-01 4.602301150575287964e-02 5.152576288144072175e-02 1.500750375187593797e-03 8.254127063531765951e-02 2.301150575287643982e-02 1.500750375187593797e-03 1.300650325162581306e-02 9.004502251125562351e-03
2.545608824777259062e-03 8.697496817988968620e-02 4.327535002121341012e-02 5.133644463300806454e-02 1.137038608400509077e-01 1.739499363597793793e-02 1.442511667373780164e-02 1.654645736105218520e-02 9.546033092914722740e-02 9.333899024183283516e-03 9.758167161646159882e-02 1.395842172252863833e-01 1.357658039881204891e-02 1.018243529910903625e-02 6.788290199406024454e-03 4.327535002121341012e-02 0.000000000000000000e+00 4.836656767076792651e-02 4.242681374628765392e-03 4.030547305897327209e-02 5.473058973271107547e-02 4.115400933389902483e-02 1.739499363597793793e-02 2.036487059821807249e-02 1.145523971149766708e-02
1.288659793814432965e-03 7.731958762886598224e-03 3.865979381443299112e-02 1.030927835051546372e-02 8.591065292096220635e-03 7.731958762886598224e-03 2.577319587628865930e-03 7.989690721649483907e-02 1.018041237113402053e-01 8.591065292096219941e-02 3.307560137457044719e-02 0.000000000000000000e+00 4.682130584192439882e-01 1.288659793814432965e-03 7.731958762886598224e-03 3.522336769759450148e-02 0.000000000000000000e+00 1.932989690721649556e-02 7.731958762886598224e-03 1.073883161512027493e-02 1.073883161512027493e-02 1.073883161512027493e-02 6.443298969072164609e-03 2.104810996563574038e-02 2.319587628865979467e-02
4.337973454192295408e-02 1.197798640336678565e-02 6.798316607316283629e-03 6.927808352217545984e-02 8.611201035933958858e-02 5.503399158303658341e-03 2.978310132729038509e-02 9.161540951764325647e-02 4.240854645516348165e-02 1.942376173518938279e-02 1.942376173518938279e-02 0.000000000000000000e+00 0.000000000000000000e+00 3.820006474587245293e-02 6.733570734865652885e-02 4.758821625121398280e-02 0.000000000000000000e+00 8.773065717060538060e-02 5.730009711880867940e-02 2.201359663321463336e-02 6.150857882809970811e-02 1.074781482680479128e-01 6.798316607316283629e-03 5.891874393007445754e-02 1.942376173518938279e-02
1.329901329901329865e-02 1.501501501501501488e-02 1.201201201201201191e-02 1.415701415701415763e-02 2.402402402402402382e-02 3.517803517803518021e-02 1.329901329901329865e-02 9.867009867009866875e-02 1.274131274131274083e-01 1.287001287001286916e-02 3.474903474903474898e-02 0.000000000000000000e+00 0.000000000000000000e+00 4.933504933504933437e-02 1.287001287001286959e-03 2.316602316602316483e-02 0.000000000000000000e+00 3.346203346203346224e-02 5.791505791505791728e-02 7.722007722007722189e-03 3.174603174603174427e-01 0.000000000000000000e+00 8.408408408408409029e-02 5.577005577005577329e-03 1.930501930501930460e-02
9.492515516611902543e-03 2.336619204089083676e-02 5.585980284775465821e-02 1.927710843373494076e-01 8.762322015334063352e-02 2.190580503833515838e-02 5.476451259583789422e-02 1.653888280394304466e-01 6.827309236947791404e-02 6.717780211756115005e-02 1.277838627236217543e-02 0.000000000000000000e+00 0.000000000000000000e+00 1.606425702811244832e-02 1.606425702811244832e-02 1.606425702811244832e-02 0.000000000000000000e+00 3.285870755750273930e-02 9.492515516611902543e-03 2.738225629791894711e-02 0.000000000000000000e+00 0.000000000000000000e+00 3.541438481197517474e-02 1.277838627236217543e-02 7.447973713033953502e-02
4.347826086956521618e-02 1.541501976284584928e-02 5.256916996047431012e-02 0.000000000000000000e+00 1.521739130434782705e-01 3.952569169960474041e-03 1.343873517786561313e-02 5.754940711462450675e-01 1.818181818181818094e-02 1.699604743083003855e-02 6.719367588932806563e-03 0.000000000000000000e+00 0.000000000000000000e+00 6.719367588932806563e-03 6.719367588932806563e-03 2.173913043478260809e-02 0.000000000000000000e+00 7.905138339920948515e-04 3.162055335968379406e-03 5.533596837944664178e-03 0.000000000000000000e+00 0.000000000000000000e+00 4.545454545454545581e-02 6.324110671936758812e-03 5.138339920948616427e-03
3.270622286541244317e-02 3.560057887120116060e-02 3.178002894356005692e-01 0.000000000000000000e+00 5.586107091172214101e-02 5.586107091172214101e-02 6.020260492040521022e-02 0.000000000000000000e+00 5.325615050651229948e-02 3.270622286541244317e-02 4.891461649782923027e-02 0.000000000000000000e+00 0.000000000000000000e+00 3.733719247467438829e-02 2.807525325615050499e-02 3.560057887120116060e-02 0.000000000000000000e+00 4.602026049204051977e-02 3.125904486251809139e-02 4.023154848046309878e-02 0.000000000000000000e+00 0.000000000000000000e+00 2.315484804630969437e-02 3.270622286541244317e-02 3.270622286541244317e-02
1.969012265978050194e-02 3.873466752743705797e-03 0.000000000000000000e+00 0.000000000000000000e+00 3.444157520981278031e-01 6.068431245965139054e-02 4.606197546804389753e-01 0.000000000000000000e+00 1.743060038734667652e-02 7.101355713363460484e-03 3.227888960619754687e-03 0.000000000000000000e+00 0.000000000000000000e+00 3.873466752743705797e-03 3.227888960619754687e-03 6.455777921239508940e-04 0.000000000000000000e+00 1.032924467398321430e-02 1.969012265978050194e-02 1.000645577792123875e-02 0.000000000000000000e+00 0.000000000000000000e+00 2.194964493221433083e-02 9.038089089735313816e-03 4.196255648805681353e-03
2.831290134267367212e-02 3.441330998248686712e-01 0.000000000000000000e+00 0.000000000000000000e+00 4.699357851722124613e-02 5.312317571511967346e-02 0.000000000000000000e+00 0.000000000000000000e+00 4.086398131932282574e-02 4.874489200233508152e-02 3.619381202568593137e-02 0.000000000000000000e+00 0.000000000000000000e+00 4.553415061295972011e-02 3.940455341506129278e-02 3.940455341506129278e-02 0.000000000000000000e+00 3.152364273204903700e-02 5.020431990659661448e-02 4.407472270869818715e-02 0.000000000000000000e+00 0.000000000000000000e+00 5.750145942790425846e-02 4.699357851722124613e-02 4.699357851722124613e-02
8.181246066708620923e-03 0.000000000000000000e+00 0.000000000000000000e+00 0.000000000000000000e+00 9.373820012586532302e-01 1.006922592825676595e-02 0.000000000000000000e+00 0.000000000000000000e+00 8.181246066708620923e-03 2.517306482064191487e-03 6.293266205160478717e-04 0.000000000000000000e+00 0.000000000000000000e+00 3.146633102580239250e-03 6.293266205160478717e-04 6.293266205160478717e-04 0.000000000000000000e+00 4.090623033354310462e-03 1.573316551290119625e-03 5.978602894902454619e-03 0.000000000000000000e+00 0.000000000000000000e+00 7.237256135934550146e-03 6.293266205160478717e-04 9.125235997482694303e-03
5.441767068273092173e-02 0.000000000000000000e+00 0.000000000000000000e+00 0.000000000000000000e+00 0.000000000000000000e+00 4.658634538152610360e-02 0.000000000000000000e+00 0.000000000000000000e+00 5.076305220883534641e-01 3.152610441767068200e-02 3.574297188755019838e-02 0.000000000000000000e+00 0.000000000000000000e+00 3.714859437751003718e-02 3.152610441767068200e-02 2.871485943775100441e-02 0.000000000000000000e+00 3.714859437751003718e-02 2.871485943775100441e-02 3.714859437751003718e-02 0.000000000000000000e+00 0.000000000000000000e+00 4.257028112449798979e-02 4.538152610441766738e-02 3.574297188755019838e-02
7.507175977036873761e-03 0.000000000000000000e+00 0.000000000000000000e+00 0.000000000000000000e+00 0.000000000000000000e+00 5.740781629498785919e-03 0.000000000000000000e+00 0.000000000000000000e+00 0.000000000000000000e+00 9.629057187017001640e-01 4.415985868845219604e-04 0.000000000000000000e+00 0.000000000000000000e+00 5.299183042614263525e-03 4.415985868845219604e-04 1.766394347538087842e-03 0.000000000000000000e+00 2.870390814749392960e-03 2.870390814749392960e-03 6.623978803267829840e-03 0.000000000000000000e+00 0.000000000000000000e+00 4.415985868845219604e-04 1.324795760653565881e-03 1.766394347538087842e-03
5.959119496855345977e-02 0.000000000000000000e+00 0.000000000000000000e+00 0.000000000000000000e+00 0.000000000000000000e+00 5.283018867924528517e-02 0.000000000000000000e+00 0.000000000000000000e+00 0.000000000000000000e+00 0.000000000000000000e+00 4.025157232704402316e-02 0.000000000000000000e+00 0.000000000000000000e+00 4.523584905660377187e-01 4.025157232704402316e-02 3.726415094339622508e-02 0.000000000000000000e+00 4.449685534591194674e-02 4.591194968553458794e-02 5.691823899371069306e-02 0.000000000000000000e+00 0.000000000000000000e+00 6.100628930817610096e-02 5.691823899371069306e-02 5.220125786163522241e-02
1.660857084273118650e-02 0.000000000000000000e+00 0.000000000000000000e+00 0.000000000000000000e+00 0.000000000000000000e+00 4.510969858519581904e-03 0.000000000000000000e+00 0.000000000000000000e+00 0.000000000000000000e+00 0.000000000000000000e+00 3.895837605085093226e-03 0.000000000000000000e+00 0.000000000000000000e+00 0.000000000000000000e+00 9.653475497231904789e-01 8.201763379126512455e-04 0.000000000000000000e+00 4.100881689563256227e-04 4.100881689563256227e-04 8.201763379126512455e-04 0.000000000000000000e+00 0.000000000000000000e+00 8.201763379126512455e-04 4.716013942997744797e-03 1.640352675825302491e-03
9.378261517817206017e-02 0.000000000000000000e+00 0.000000000000000000e+00 0.000000000000000000e+00 0.000000000000000000e+00 1.033248844490830542e-01 0.000000000000000000e+00 0.000000000000000000e+00 0.000000000000000000e+00 0.000000000000000000e+00 3.861637095571790468e-02 0.000000000000000000e+00 0.000000000000000000e+00 0.000000000000000000e+00 0.000000000000000000e+00 6.724317876845087305e-02 0.000000000000000000e+00 1.300134188161622129e-01 1.259877739674966357e-01 8.692410913970478881e-02 0.000000000000000000e+00 0.000000000000000000e+00 1.300134188161622129e-01 1.273296555837185040e-01 9.676457432533173975e-02
2.159526297457331837e-02 0.000000000000000000e+00 0.000000000000000000e+00 0.000000000000000000e+00 0.000000000000000000e+00 4.562870080111459253e-02 0.000000000000000000e+00 0.000000000000000000e+00 0.000000000000000000e+00 0.000000000000000000e+00 3.483106931382793617e-04 0.000000000000000000e+00 0.000000000000000000e+00 0.000000000000000000e+00 0.000000000000000000e+00 1.044932079414838053e-02 0.000000000000000000e+00 0.000000000000000000e+00 5.632183908045976795e-01 3.347265761058864642e-01 0.000000000000000000e+00 0.000000000000000000e+00 7.314524555903866541e-03 8.707767328456983771e-03 8.011145942180424723e-03
1.344026548672566379e-01 0.000000000000000000e+00 0.000000000000000000e+00 0.000000000000000000e+00 0.000000000000000000e+00 1.189159292035398274e-01 0.000000000000000000e+00 0.000000000000000000e+00 0.000000000000000000e+00 0.000000000000000000e+00 7.356194690265487057e-02 0.000000000000000000e+00 0.000000000000000000e+00 0.000000000000000000e+00 0.000000000000000000e+00 7.356194690265487057e-02 0.000000000000000000e+00 0.000000000000000000e+00 0.000000000000000000e+00 1.291482300884955747e-01 0.000000000000000000e+00 0.000000000000000000e+00 1.778207964601769830e-01 1.684181415929203451e-01 1.241703539823008906e-01
1.955473098330241244e-01 0.000000000000000000e+00 0.000000000000000000e+00 0.000000000000000000e+00 0.000000000000000000e+00 2.163265306122449105e-01 0.000000000000000000e+00 0.000000000000000000e+00 0.000000000000000000e+00 0.000000000000000000e+00 3.710575139146567560e-04 0.000000000000000000e+00 0.000000000000000000e+00 0.000000000000000000e+00 0.000000000000000000e+00 1.113172541743970376e-03 0.000000000000000000e+00 0.000000000000000000e+00 0.000000000000000000e+00 1.079777365491651209e-01 0.000000000000000000e+00 0.000000000000000000e+00 0.000000000000000000e+00 3.706864564007421037e-01 1.079777365491651209e-01
1.050525262631315723e-02 2.951475737868934635e-02 4.202101050525262893e-02 3.651825912956477987e-02 1.000500250125062503e-02 1.000500250125062503e-02 4.502251125562781175e-02 1.150575287643821991e-02 6.503251625812905834e-02 1.390695347673836790e-01 7.853926963481740187e-02 1.500750375187593797e-03 1.500750375187593797e-03 4.152076038019009846e-02 2.651325662831415658e-02 7.653826913456727998e-02 1.850925462731365517e-02 1.595797898949474769e-01 2.151075537768884494e-02 8.904452226113056257e-02 1.000500250125062503e-02 1.250625312656328085e-02 3.101550775387693776e-02 1.650825412706353329e-02 1.600800400200099935e-02
2.157031924072476403e-02 5.133735979292493312e-02 1.941328731665228555e-02 6.039689387402933513e-03 2.329594477998274404e-02 1.725625539257981053e-02 3.925798101811906610e-02 1.337359792924935342e-01 7.204486626402070715e-02 6.169111302847282013e-02 1.811906816220880054e-02 6.816220880069025212e-02 3.321829163071613605e-02 4.572907679033649808e-02 3.062985332182916257e-02 7.463330457290767717e-02 1.811906816220880054e-02 0.000000000000000000e+00 8.196721311475410263e-03 6.557377049180328210e-02 7.031924072476272713e-02 4.098360655737704611e-02 3.062985332182916257e-02 3.062985332182916257e-02 1.941328731665228555e-02
8.228670420095280172e-03 1.082719792117799867e-02 3.031615417929839698e-03 8.228670420095280172e-03 3.897791251624079661e-02 7.059333044608055718e-02 9.961022087483759752e-03 0.000000000000000000e+00 1.126028583802511987e-02 1.281940233867475132e-01 9.787786920744910579e-02 2.425292334343871758e-02 6.193157210913815408e-02 1.827631009094846382e-01 4.460805543525335481e-02 4.590731918579471493e-02 3.854482459939367889e-02 0.000000000000000000e+00 1.992204417496751950e-02 5.846686877436119839e-02 2.035513209181463723e-02 2.858380251190991914e-02 5.240363793850151553e-02 2.208748375920311854e-02 1.299263750541359945e-02
9.087154068566707932e-03 9.913258983890954265e-03 6.195786864931846633e-03 9.913258983890954265e-03 2.891367203634861438e-01 9.087154068566707932e-03 9.913258983890954265e-03 0.000000000000000000e+00 3.081371334159438424e-01 5.824039653035935349e-02 1.486988847583643053e-02 3.717472118959107633e-03 9.087154068566707932e-03 0.000000000000000000e+00 4.047914085088806513e-02 1.280462618752581556e-02 1.197852127220156923e-02 0.000000000000000000e+00 4.130524576621230626e-02 1.734820322180917126e-02 3.304419661296984639e-02 2.808756712102436839e-02 5.741429161503511236e-02 1.817430813713341586e-02 2.065262288310615400e-03
6.083788706739526320e-02 1.602914389799635700e-02 1.420765027322404457e-02 9.107468123861567344e-03 5.610200364298725123e-02 3.387978142076502469e-02 1.373406193078324233e-01 0.000000000000000000e+00 0.000000000000000000e+00 5.173041894353369585e-02 3.825136612021858007e-02 2.364298724954462527e-01 3.970856102003642724e-02 0.000000000000000000e+00 1.165755919854280509e-02 6.302367941712204436e-02 6.520947176684881164e-02 0.000000000000000000e+00 9.107468123861567344e-03 1.347905282331511925e-02 3.752276867030965302e-02 3.242258652094717752e-02 5.755919854280509840e-02 9.107468123861567344e-03 7.285974499089253181e-03
1.510574018126888216e-03 4.909365558912386768e-02 6.306646525679758530e-02 1.623867069486404843e-02 5.853474320241691675e-02 4.003021148036253751e-02 5.781722054380664666e-01 0.000000000000000000e+00 0.000000000000000000e+00 4.984894259818731244e-02 1.510574018126888216e-03 0.000000000000000000e+00 2.907854984894259892e-02 0.000000000000000000e+00 4.531722054380665082e-03 1.472809667673716065e-02 1.019637462235649557e-02 0.000000000000000000e+00 2.643504531722054487e-03 2.719033232628398702e-02 1.812688821752266033e-02 1.510574018126888216e-03 2.530211480362537860e-02 1.510574018126888216e-03 7.175226586102719135e-03
4.730878186968838495e-02 4.815864022662889182e-02 1.869688385269121719e-02 2.407932011331444591e-02 4.674220963172804472e-02 1.900849858356940536e-01 0.000000000000000000e+00 0.000000000000000000e+00 0.000000000000000000e+00 7.932011331444759061e-02 7.535410764872521594e-02 0.000000000000000000e+00 4.504249291784702403e-02 0.000000000000000000e+00 3.682719546742209416e-02 3.002832861189801833e-02 6.798866855524079988e-02 0.000000000000000000e+00 4.164305949008498264e-02 2.917847025495750798e-02 5.864022662889518261e-02 2.039660056657223788e-02 4.815864022662889182e-02 3.512747875354107346e-02 5.722379603399433551e-02
7.490636704119850485e-04 3.370786516853932664e-03 1.722846441947565449e-02 1.235955056179775281e-02 1.498127340823970054e-02 0.000000000000000000e+00 0.000000000000000000e+00 0.000000000000000000e+00 0.000000000000000000e+00 2.921348314606741700e-02 8.816479400749063222e-01 0.000000000000000000e+00 3.745318352059925134e-03 0.000000000000000000e+00 7.490636704119850485e-04 2.621722846441947724e-03 7.490636704119850485e-04 0.000000000000000000e+00 5.243445692883895448e-03 8.614232209737827245e-03 3.745318352059925134e-03 3.745318352059925134e-03 5.243445692883895448e-03 5.243445692883895448e-03 7.490636704119850485e-04
5.582356995175740549e-02 5.743165632896853057e-02 6.455318171376062120e-02 5.582356995175740549e-02 5.444521019986216237e-02 0.000000000000000000e+00 0.000000000000000000e+00 0.000000000000000000e+00 0.000000000000000000e+00 5.145876407075580111e-02 0.000000000000000000e+00 0.000000000000000000e+00 5.743165632896853057e-02 0.000000000000000000e+00 5.444521019986216237e-02 5.881001608086377369e-02 5.743165632896853057e-02 0.000000000000000000e+00 6.317482196186538501e-02 5.881001608086377369e-02 6.202618883528600996e-02 5.881001608086377369e-02 6.455318171376062120e-02 6.317482196186538501e-02 6.179646220997013495e-02
3.508771929824561469e-03 1.666666666666666644e-02 0.000000000000000000e+00 3.508771929824561469e-03 4.333333333333333481e-01 0.000000000000000000e+00 0.000000000000000000e+00 0.000000000000000000e+00 0.000000000000000000e+00 4.328947368421052766e-01 0.000000000000000000e+00 0.000000000000000000e+00 2.631578947368420993e-03 0.000000000000000000e+00 3.508771929824561469e-03 7.894736842105263414e-03 7.017543859649122938e-03 0.000000000000000000e+00 2.500000000000000139e-02 4.385964912280701836e-04 1.447368421052631568e-02 2.500000000000000139e-02 4.824561403508772182e-03 1.140350877192982532e-02 7.894736842105263414e-03
3.001500750375187595e-03 1.500750375187593797e-03 6.503251625812906528e-03 3.151575787893946823e-02 8.104052026013006116e-02 2.651325662831415658e-02 1.000500250125062503e-02 5.452726363181590458e-02 9.154577288644322186e-02 6.953476738369183952e-02 3.001500750375187595e-03 8.054027013506753763e-02 1.905952976488244077e-01 4.602301150575287964e-02 2.051025512756378053e-02 9.104552276138068445e-02 1.300650325162581306e-02 1.450725362681340620e-02 1.500750375187593797e-03 1.450725362681340620e-02 5.602801400700350293e-02 1.400700350175087573e-02 4.752376188094047105e-02 1.100550275137568770e-02 2.051025512756378053e-02
4.327731092436974680e-02 8.067226890756303004e-02 8.361344537815125488e-02 2.521008403361344689e-03 1.138655462184873929e-01 2.352941176470588203e-02 1.260504201680672301e-02 2.436974789915966402e-02 2.142857142857142877e-02 1.470588235294117627e-02 5.462184873949579508e-03 1.680672268907562952e-02 0.000000000000000000e+00 6.050420168067226906e-02 1.260504201680672301e-02 7.394957983193277407e-02 1.680672268907562952e-02 2.037815126050420145e-01 1.344537815126050501e-02 1.260504201680672301e-02 5.798319327731092654e-02 1.554621848739495826e-02 6.680672268907562883e-02 2.058823529411764677e-02 2.521008403361344689e-03
4.428341384863123710e-03 3.985507246376811252e-02 1.288244766505636067e-02 2.455716586151368910e-02 6.843800322061191661e-03 1.086956521739130405e-02 5.233494363929146360e-03 1.690821256038647219e-02 8.937198067632849685e-02 7.648953301127214312e-03 5.233494363929146360e-03 4.106280193236715170e-02 0.000000000000000000e+00 1.288244766505636067e-02 2.576489533011272134e-02 7.045088566827696630e-02 7.648953301127214312e-03 0.000000000000000000e+00 1.843800322061191488e-01 1.570048309178743995e-02 2.801932367149758685e-01 9.057971014492753603e-02 1.489533011272141730e-02 2.576489533011272134e-02 6.843800322061191661e-03
5.565862708719851448e-03 5.343228200371057807e-02 1.298701298701298787e-02 1.228200371057513868e-01 1.001855287569573295e-02 4.749536178107606477e-02 1.484230055658627111e-02 3.636363636363636187e-02 6.233766233766233761e-02 1.558441558441558440e-02 2.597402597402597400e-03 1.372912801484230116e-02 0.000000000000000000e+00 2.486085343228200406e-02 4.415584415584415667e-02 1.261595547309833087e-01 3.031539888682746042e-01 0.000000000000000000e+00 3.821892393320965031e-02 1.669758812615955434e-02 0.000000000000000000e+00 1.372912801484230116e-02 1.372912801484230116e-02 6.679035250463822258e-03 1.484230055658627111e-02
1.065340909090909012e-02 2.556818181818181976e-02 3.728693181818181629e-02 2.947443181818181976e-02 2.095170454545454419e-02 2.379261363636363605e-02 3.231534090909091161e-02 3.657670454545454419e-02 2.840909090909090988e-03 2.840909090909090988e-03 1.278409090909090988e-02 2.166193181818181976e-02 0.000000000000000000e+00 8.735795454545454419e-02 7.812500000000000000e-03 6.015625000000000000e-01 0.000000000000000000e+00 0.000000000000000000e+00 7.812500000000000000e-03 1.278409090909090988e-02 0.000000000000000000e+00 9.232954545454545928e-03 5.326704545454545060e-03 7.812500000000000000e-03 3.551136363636363518e-03
4.142973192526401560e-02 8.394259409694015961e-03 1.164365014893040812e-02 4.765773084213376781e-02 1.787164906580016380e-02 3.655564581640942390e-02 4.061738424045491236e-02 4.007581911724884816e-02 7.663146493365827205e-02 7.581911724884917055e-03 1.695098835634984979e-01 3.306255077173029799e-01 0.000000000000000000e+00 3.790955862442458527e-03 2.382886542106688391e-02 0.000000000000000000e+00 0.000000000000000000e+00 0.000000000000000000e+00 7.067424857839155194e-02 6.769564040075819016e-03 0.000000000000000000e+00 1.787164906580016380e-02 1.083130246412131008e-02 1.326834551854860593e-02 2.437043054427294811e-02
1.521739130434782671e-02 4.503105590062111974e-02 2.080745341614906666e-02 1.863354037267080793e-02 1.242236024844720543e-03 1.428571428571428527e-02 1.086956521739130405e-02 2.484472049689440826e-02 3.819875776397515382e-02 1.242236024844720543e-03 4.782608695652174058e-01 0.000000000000000000e+00 0.000000000000000000e+00 1.366459627329192628e-01 6.490683229813665189e-02 0.000000000000000000e+00 0.000000000000000000e+00 0.000000000000000000e+00 2.204968944099378741e-02 5.310559006211180294e-02 0.000000000000000000e+00 2.080745341614906666e-02 6.521739130434782254e-03 2.142857142857142877e-02 5.900621118012422742e-03
2.882170104549307624e-02 7.516247527550155849e-02 3.334275218988414641e-02 3.899406612037298325e-02 4.012432890647075340e-02 4.775360271263068973e-02 3.464255439389657965e-01 3.673354054817744990e-02 3.447301497598191655e-02 4.662333992653291959e-02 0.000000000000000000e+00 0.000000000000000000e+00 0.000000000000000000e+00 4.238485447866628675e-02 3.447301497598191655e-02 0.000000000000000000e+00 0.000000000000000000e+00 0.000000000000000000e+00 3.673354054817744990e-02 2.543091268719977274e-02 0.000000000000000000e+00 2.656117547329754289e-02 3.249505510031082400e-02 3.447301497598191655e-02 3.899406612037298325e-02
3.720930232558139743e-03 1.891472868217054099e-02 3.007751937984496152e-02 2.480620155038759829e-03 5.271317829457364094e-03 8.279069767441860073e-01 0.000000000000000000e+00 4.651162790697674354e-03 7.441860465116279487e-03 6.201550387596899572e-04 0.000000000000000000e+00 0.000000000000000000e+00 0.000000000000000000e+00 5.271317829457364094e-03 8.682170542635658100e-03 0.000000000000000000e+00 0.000000000000000000e+00 0.000000000000000000e+00 4.310077519379845040e-02 4.651162790697674354e-03 0.000000000000000000e+00 1.116279069767441880e-02 4.031007751937984614e-03 2.046511627906976577e-02 1.550387596899224785e-03
1.113728849860783909e-01 8.845577211394302364e-02 5.632897836795888041e-02 5.632897836795888041e-02 5.632897836795888041e-02 0.000000000000000000e+00 0.000000000000000000e+00 5.418719211822660420e-02 6.061255086742343284e-02 4.776183336902976861e-02 0.000000000000000000e+00 0.000000000000000000e+00 0.000000000000000000e+00 6.254015849218247380e-02 6.875133861640608801e-02 0.000000000000000000e+00 0.000000000000000000e+00 0.000000000000000000e+00 5.204540586849432104e-02 6.254015849218247380e-02 0.000000000000000000e+00 4.347826086956521618e-02 5.632897836795888041e-02 5.418719211822660420e-02 6.875133861640608801e-02
0.000000000000000000e+00 8.968663228877429283e-01 3.966679888932963128e-04 1.150337167790559285e-02 1.943673145577151998e-02 0.000000000000000000e+00 0.000000000000000000e+00 1.586671955573185251e-03 1.586671955573185251e-03 2.023006743355811043e-02 0.000000000000000000e+00 0.000000000000000000e+00 0.000000000000000000e+00 1.586671955573185251e-03 1.586671955573185251e-03 0.000000000000000000e+00 0.000000000000000000e+00 0.000000000000000000e+00 1.467671558905196336e-02 1.586671955573185251e-03 0.000000000000000000e+00 1.110670368901229589e-02 8.330027766759222352e-03 3.966679888932963128e-04 9.123363744545814544e-03
1.850925462731365517e-02 7.003501750875437866e-03 1.165582791395697870e-01 3.001500750375187595e-03 1.500750375187593797e-03 5.202601300650325222e-02 8.004002001000499675e-03 1.200600300150075038e-02 1.820910455227613689e-01 1.045522761380690280e-01 2.851425712856428193e-02 5.452726363181590458e-02 6.153076538269134504e-02 3.401700850425212752e-02 5.452726363181590458e-02 7.003501750875437866e-03 1.250625312656328085e-02 2.351175587793897029e-02 1.200600300150075038e-02 1.550775387693846888e-02 3.351675837918959705e-02 1.800900450225112470e-02 6.603301650825413316e-02 2.751375687843922099e-02 4.602301150575287964e-02
