6.252605252188412135e-03 7.503126302626094042e-03 8.211754897874114223e-02 0.000000000000000000e+00 3.605669028761984141e-01 3.959983326385994179e-02 1.250521050437682340e-03 3.376406836181742449e-02 4.376823676531887974e-02 4.793664026677782464e-02 1.250521050437682427e-02 7.586494372655272489e-02 1.208837015423092909e-01 3.001250521050437617e-02 3.334722801167153052e-03 5.002084201750729361e-03 0.000000000000000000e+00 1.875781575656523467e-02 2.250937890787828299e-02 1.250521050437682340e-03 4.085035431429762109e-02 3.167986661108795204e-02 1.250521050437682340e-03 6.252605252188412135e-03 7.086285952480200073e-03
2.094972067039106017e-02 2.199720670391061561e-02 3.666201117318435704e-02 0.000000000000000000e+00 0.000000000000000000e+00 1.082402234636871581e-02 4.364525139664804376e-02 1.990223463687150821e-02 2.653631284916201094e-02 9.811452513966480160e-02 3.875698324022346097e-02 1.431564245810055917e-02 3.488128491620111626e-01 3.980446927374301641e-02 4.155027932960893983e-02 1.536312849162011114e-02 0.000000000000000000e+00 5.342178770949720934e-02 1.326815642458100547e-02 2.304469273743016758e-02 6.808659217877094383e-02 1.431564245810055917e-02 2.199720670391061561e-02 1.431564245810055917e-02 1.431564245810055917e-02
9.006004002668445071e-03 3.669112741827885125e-03 8.672448298865910454e-03 0.000000000000000000e+00 0.000000000000000000e+00 9.673115410273516040e-03 2.601734489659773136e-02 6.270847231487658435e-02 1.834556370913942649e-02 9.006004002668445071e-03 3.935957304869912993e-02 4.336224149432955088e-01 0.000000000000000000e+00 2.291527685123415647e-01 7.338225483655770251e-03 1.667778519012675037e-03 0.000000000000000000e+00 6.004002668445630048e-03 5.336891260840559946e-03 3.569046030687125087e-02 2.701801200800533695e-02 3.869246164109406416e-02 7.338225483655770251e-03 6.337558372248165532e-03 1.534356237491661147e-02
1.697484086086692781e-02 2.546226129130039345e-02 6.608063049408911815e-02 0.000000000000000000e+00 0.000000000000000000e+00 6.729311912700818021e-02 1.667171870263716160e-01 6.517126401939982161e-02 1.088208548044862084e-01 9.851470142467413926e-02 8.790542588663231155e-03 0.000000000000000000e+00 0.000000000000000000e+00 8.790542588663231155e-03 3.455592603819339359e-02 1.697484086086692781e-02 0.000000000000000000e+00 5.244013337374962141e-02 7.972112761442860795e-02 1.151864201273113120e-02 7.668990603213095281e-02 6.608063049408911815e-02 1.545923006971809677e-02 6.971809639284631994e-03 6.971809639284631994e-03
4.080031384856806775e-02 9.023146331894861538e-03 3.687720674774421642e-02 0.000000000000000000e+00 0.000000000000000000e+00 7.689289917614751391e-02 0.000000000000000000e+00 7.846214201647704837e-04 7.179285994507650370e-02 1.443703413103177846e-01 4.943114947038054069e-02 0.000000000000000000e+00 0.000000000000000000e+00 1.110239309533150309e-01 8.552373479795997990e-02 7.846214201647704837e-04 0.000000000000000000e+00 4.472342094939191909e-02 8.826990976853668625e-02 1.961553550411926361e-02 3.138485680659081935e-03 7.218517065515889231e-02 5.374656728128678063e-02 2.628481757551981088e-02 6.473126716359356436e-02
6.759611322348964800e-03 2.070130967469370475e-02 6.970849176172369543e-02 0.000000000000000000e+00 0.000000000000000000e+00 3.548795944233206628e-02 0.000000000000000000e+00 8.576256865230248716e-02 3.168567807351077570e-02 0.000000000000000000e+00 2.239121250528094617e-02 0.000000000000000000e+00 0.000000000000000000e+00 1.444866920152091117e-01 2.577101816645542900e-02 2.239121250528094617e-02 0.000000000000000000e+00 2.501056189269116881e-01 9.421208280523869771e-02 2.703844528939585920e-02 2.070130967469370475e-02 7.266582171525137746e-02 4.013519222644697931e-02 1.689902830587241070e-02 1.309674693705112011e-02
8.101851851851851402e-03 6.944444444444444059e-03 2.662037037037037063e-02 0.000000000000000000e+00 0.000000000000000000e+00 4.243827160493826925e-03 0.000000000000000000e+00 2.523148148148148251e-01 2.816358024691358042e-02 0.000000000000000000e+00 3.047839506172839510e-02 0.000000000000000000e+00 0.000000000000000000e+00 1.736111111111111188e-02 3.858024691358024477e-02 1.543209876543209791e-03 0.000000000000000000e+00 0.000000000000000000e+00 4.174382716049382935e-01 8.449074074074074125e-02 3.202160493827160836e-02 3.858024691358024477e-03 3.202160493827160836e-02 9.259259259259258745e-03 6.558641975308641611e-03
3.375527426160337269e-02 4.803635183382019141e-02 3.537812398571892059e-02 0.000000000000000000e+00 0.000000000000000000e+00 3.894839337877312874e-02 0.000000000000000000e+00 3.732554365465758084e-02 1.557935735150925080e-02 0.000000000000000000e+00 8.601103537812399003e-02 0.000000000000000000e+00 0.000000000000000000e+00 9.250243427458616774e-02 1.483284647841609794e-01 3.375527426160337269e-02 0.000000000000000000e+00 0.000000000000000000e+00 0.000000000000000000e+00 1.330736773774748513e-02 7.465108730931516168e-02 1.223628691983122407e-01 1.129503407984420588e-01 8.925673482635508582e-02 1.785134696527101647e-02
9.771986970684038223e-03 1.343648208469055451e-02 1.343648208469055451e-02 0.000000000000000000e+00 0.000000000000000000e+00 5.700325732899022731e-03 0.000000000000000000e+00 9.527687296416938179e-02 3.623778501628664717e-02 0.000000000000000000e+00 3.175895765472312726e-02 0.000000000000000000e+00 0.000000000000000000e+00 6.095276872964169312e-01 0.000000000000000000e+00 2.239413680781758911e-02 0.000000000000000000e+00 0.000000000000000000e+00 0.000000000000000000e+00 1.465798045602605820e-02 3.990228013029315651e-02 4.600977198697068365e-02 4.275244299674266918e-02 8.143322475570032720e-03 1.099348534201954365e-02
3.432494279176201424e-02 4.090389016018306650e-02 7.379862700228832784e-02 0.000000000000000000e+00 0.000000000000000000e+00 8.466819221967963882e-02 0.000000000000000000e+00 8.752860411899313076e-02 3.060640732265446085e-02 0.000000000000000000e+00 7.379862700228832784e-02 0.000000000000000000e+00 0.000000000000000000e+00 0.000000000000000000e+00 0.000000000000000000e+00 4.433638443935927070e-02 0.000000000000000000e+00 0.000000000000000000e+00 0.000000000000000000e+00 7.379862700228832784e-02 5.348970251716247265e-02 4.748283752860411877e-02 1.513157894736842091e-01 1.415903890160183087e-01 6.235697940503432540e-02
1.463028865164096512e-02 3.558718861209964231e-03 1.739818109924871556e-02 0.000000000000000000e+00 0.000000000000000000e+00 1.383946223803875046e-02 0.000000000000000000e+00 7.196520363780149754e-02 4.270462633451957424e-02 0.000000000000000000e+00 2.491103202846975048e-02 0.000000000000000000e+00 0.000000000000000000e+00 0.000000000000000000e+00 0.000000000000000000e+00 3.954132068011071669e-04 0.000000000000000000e+00 0.000000000000000000e+00 0.000000000000000000e+00 6.761565836298932819e-02 2.926057730328193024e-02 5.179913009094503501e-02 0.000000000000000000e+00 6.152629497825227167e-01 4.665875840253064233e-02
1.550775387693846888e-02 1.650825412706353329e-02 5.052526263131566081e-02 1.400700350175087573e-02 1.250625312656328085e-02 3.251625812906452917e-02 5.002501250625312514e-03 4.102051025512756105e-02 8.154077038519259857e-02 6.403201600800399740e-02 1.800900450225112470e-02 1.050525262631315723e-02 9.704852426213106398e-02 3.001500750375187595e-03 2.751375687843922099e-02 2.201100550275137541e-02 9.404702351175588115e-02 1.950975487743872028e-01 4.552276138069034223e-02 3.001500750375187682e-02 1.900950475237618911e-02 9.504752376188094556e-03 2.601300650325162611e-02 3.251625812906452917e-02 3.701850925462731035e-02
2.511511092507325276e-03 6.278777731268313407e-03 6.278777731268313407e-03 2.595228128924235989e-02 6.781079949769777682e-02 1.548765173712850565e-02 1.088321473419840910e-02 2.302218501465048278e-02 1.331100879028882245e-01 1.465048137295939766e-02 4.185851820845542387e-02 7.283382168271243517e-02 3.478442863122645501e-01 1.176224361657597361e-01 2.595228128924235989e-02 5.441607367099204548e-03 2.511511092507325276e-03 0.000000000000000000e+00 1.548765173712850565e-02 1.255755546253662681e-02 1.088321473419840910e-02 9.627459187944746241e-03 9.627459187944746241e-03 1.758057764755127650e-02 4.185851820845541693e-03
1.060070671378091946e-02 1.342756183745582969e-02 5.300353356890459729e-03 1.413427561837455812e-02 2.106007067137809219e-01 2.014134275618374714e-02 6.289752650176679005e-02 1.438162544169611368e-01 3.533568904593639530e-03 7.491166077738516116e-02 7.667844522968197962e-02 9.540636042402826644e-02 0.000000000000000000e+00 9.505300353356890830e-02 5.653710247349823248e-02 8.480565371024734178e-03 1.590106007067137658e-02 0.000000000000000000e+00 2.579505300353356761e-02 5.300353356890459729e-03 1.272084805653710300e-02 1.872791519434629029e-02 1.802120141342756013e-02 8.480565371024734178e-03 3.533568904593639530e-03
6.165703275529865225e-03 6.165703275529865225e-03 1.926782273603082829e-03 2.851637764932562699e-02 0.000000000000000000e+00 2.851637764932562699e-02 8.863198458574181315e-03 1.078998073217726436e-02 7.321772639691715226e-03 8.092485549132947403e-03 1.078998073217726436e-02 3.159922928709055917e-02 0.000000000000000000e+00 5.179190751445086338e-01 6.281310211946050659e-02 1.811175337186897785e-02 5.703275529865125398e-02 0.000000000000000000e+00 2.658959537572254395e-02 1.965317919075144568e-02 8.978805394990366229e-02 1.541425818882466263e-02 2.042389210019267959e-02 3.082851637764932613e-03 2.042389210019267959e-02
1.434977578475336336e-02 3.168908819133034460e-02 4.454409566517189556e-02 1.016442451420029869e-02 0.000000000000000000e+00 3.228699551569506887e-02 1.016442451420029869e-02 1.165919282511210762e-02 1.853512705530642804e-02 1.094170403587443885e-01 1.913303437967115231e-02 4.992526158445440704e-02 0.000000000000000000e+00 0.000000000000000000e+00 3.297458893871449970e-01 7.144992526158445989e-02 3.916292974588938408e-02 0.000000000000000000e+00 2.002989536621823524e-02 8.101644245142003431e-02 9.566517189835576154e-03 1.644245142002989657e-02 2.062780269058295951e-02 3.109118086696562033e-02 2.899850523168908886e-02
2.256608639587362897e-03 2.063185041908446177e-02 1.289490651192778860e-03 1.966473243068987686e-02 0.000000000000000000e+00 2.063185041908446177e-02 1.289490651192778860e-03 2.643455834945196772e-02 1.547388781431334633e-02 6.299161831076725004e-01 1.289490651192778860e-03 1.611863313990973684e-02 0.000000000000000000e+00 0.000000000000000000e+00 0.000000000000000000e+00 7.736943907156673163e-03 1.386202450032237264e-02 0.000000000000000000e+00 1.389426176660219225e-01 1.031592520954223088e-02 9.026434558349451590e-03 6.447453255963893869e-03 5.802707930367505089e-03 3.836234687298516882e-02 1.450676982591876142e-02
5.894257525929673391e-02 1.543131798633948920e-02 3.971667088287376968e-02 2.833291171262332375e-02 0.000000000000000000e+00 2.681507715658993166e-02 3.364533265874019435e-02 2.833291171262332375e-02 9.359979762205919082e-03 0.000000000000000000e+00 5.742474070326334529e-02 3.516316721477358992e-02 0.000000000000000000e+00 0.000000000000000000e+00 0.000000000000000000e+00 5.056918795851251813e-01 2.529724260055653956e-02 0.000000000000000000e+00 1.391348343030609711e-02 1.214267644826713850e-02 4.427017455097394250e-02 1.037186946622818164e-02 2.681507715658993166e-02 1.037186946622818164e-02 1.796104224639514385e-02
1.125562781390695294e-02 4.252126063031515940e-03 3.251625812906453264e-03 9.004502251125562351e-03 0.000000000000000000e+00 8.754377188594297809e-02 4.137068534267133724e-01 4.727363681840920234e-02 1.500750375187593797e-03 0.000000000000000000e+00 4.227113556778389070e-02 2.376188094047023552e-02 0.000000000000000000e+00 0.000000000000000000e+00 0.000000000000000000e+00 0.000000000000000000e+00 2.438719359679839827e-01 0.000000000000000000e+00 5.002501250625312514e-03 9.504752376188094556e-03 4.727363681840920234e-02 1.150575287643821991e-02 2.726363181590795229e-02 1.500750375187593797e-03 1.025512756378189026e-02
7.199562003832465917e-02 7.035313441007391699e-02 2.600602244730358670e-02 2.792225568026279747e-02 0.000000000000000000e+00 2.589652340542020204e-01 0.000000000000000000e+00 3.421845058855735311e-02 1.094990418833835175e-02 0.000000000000000000e+00 9.800164248562824587e-02 3.941965507801806906e-02 0.000000000000000000e+00 0.000000000000000000e+00 0.000000000000000000e+00 0.000000000000000000e+00 1.067615658362989356e-01 0.000000000000000000e+00 8.896797153024911531e-02 1.505611825896523322e-02 6.706816315357240488e-02 9.854913769504517265e-03 4.626334519572953413e-02 2.053107035313440909e-02 7.664932931836846569e-03
2.275042444821731916e-02 1.731748726655348014e-02 1.697792869269949042e-03 3.395585738539898084e-03 0.000000000000000000e+00 0.000000000000000000e+00 0.000000000000000000e+00 1.154499151103565401e-02 9.507640067911713941e-03 0.000000000000000000e+00 7.986417657045840057e-01 2.342954159592529687e-02 0.000000000000000000e+00 0.000000000000000000e+00 0.000000000000000000e+00 0.000000000000000000e+00 4.176570458404074704e-02 0.000000000000000000e+00 1.324278438030560348e-02 6.791171477079796601e-04 1.324278438030560348e-02 9.847198641765704530e-03 1.629881154499151011e-02 1.256366723259762230e-02 4.074702886247877527e-03
6.504251896115835485e-02 6.688117674097908416e-02 7.009882785566536045e-02 6.688117674097908416e-02 0.000000000000000000e+00 0.000000000000000000e+00 0.000000000000000000e+00 5.653872672948747485e-02 7.009882785566536045e-02 0.000000000000000000e+00 0.000000000000000000e+00 6.688117674097908416e-02 0.000000000000000000e+00 0.000000000000000000e+00 0.000000000000000000e+00 0.000000000000000000e+00 4.941392783268214184e-02 0.000000000000000000e+00 6.849000229832222231e-02 7.193748563548608976e-02 6.688117674097908416e-02 6.343369340381521670e-02 7.032866007814295162e-02 7.009882785566536045e-02 7.699379452999310924e-02
6.855184233076264295e-03 4.284490145672665076e-03 2.956298200514138885e-02 8.997429305912596834e-03 0.000000000000000000e+00 0.000000000000000000e+00 0.000000000000000000e+00 4.344473007712082446e-01 4.284490145672665076e-03 0.000000000000000000e+00 0.000000000000000000e+00 4.340188517566409554e-01 0.000000000000000000e+00 0.000000000000000000e+00 0.000000000000000000e+00 0.000000000000000000e+00 1.628106255355612694e-02 0.000000000000000000e+00 1.970865467009426039e-02 8.997429305912596834e-03 3.856041131105398395e-03 9.425878320479863515e-03 1.542416452442159358e-02 3.856041131105398395e-03 0.000000000000000000e+00
3.351675837918959705e-02 8.004002001000499675e-03 6.903451725862931598e-02 4.152076038019009846e-02 8.104052026013006116e-02 1.100550275137568770e-02 7.553776888444221904e-02 2.351175587793897029e-02 2.001000500250125005e-02 3.951975987993996964e-02 2.501250625312656170e-02 7.853926963481740187e-02 5.052526263131566081e-02 1.100550275137568770e-02 8.004002001000499675e-03 1.450725362681340620e-02 1.420710355177588757e-01 1.100550275137568770e-02 1.500750375187593797e-03 2.801400700350175146e-02 1.175587793896948480e-01 1.600800400200099935e-02 3.951975987993996964e-02 3.551775887943971893e-02 1.850925462731365517e-02
5.081033727551467066e-02 3.153745072273324290e-02 8.190976784932106625e-02 1.489268506351292161e-02 7.971966710468680883e-02 2.847130968024529085e-02 6.745510293473500063e-02 1.769601401664476492e-01 9.198423127463863092e-02 1.007446342531756467e-02 8.760402978537012303e-03 1.576872536136662145e-02 3.066141042487954653e-03 9.592641261498029148e-02 1.489268506351292161e-02 1.138852387209811703e-02 0.000000000000000000e+00 3.766973280770915394e-02 1.138852387209811703e-02 1.795882610600087539e-02 5.562855891371003281e-02 1.226456416995181861e-02 2.146298729741568170e-02 1.138852387209811703e-02 4.862023653088042019e-02
6.242197253433208123e-03 7.906783187682064895e-03 1.165210153974198873e-02 4.494382022471909988e-02 7.698709945900956975e-02 1.331668747399084550e-02 5.534748231377444733e-02 0.000000000000000000e+00 3.724511027881814429e-01 5.285060341240116477e-02 5.409904286308780605e-03 1.252600915522263936e-01 7.906783187682064895e-03 5.867665418227215740e-02 1.706200582605077107e-02 1.081980857261756121e-02 0.000000000000000000e+00 2.039117769454848114e-02 7.906783187682064895e-03 2.372034956304619122e-02 3.953391593841031754e-02 5.409904286308780605e-03 1.747815230961298483e-02 1.248439450686641625e-02 6.242197253433208123e-03
5.874222529371113041e-03 2.246026261230131202e-02 7.256392536281962811e-03 8.293020041465100356e-03 5.597788527988942914e-02 2.349689011748445217e-02 5.874222529371113041e-03 0.000000000000000000e+00 0.000000000000000000e+00 4.561161022805804849e-02 4.181064270905321401e-02 1.147201105736005561e-01 1.465100207325500947e-01 2.107809260539046381e-01 1.865929509329647407e-02 8.293020041465100356e-03 0.000000000000000000e+00 2.557014512785072552e-02 3.662750518313752368e-02 3.386316516931582588e-02 1.589495507947477626e-02 1.247408431237042176e-01 1.693158258465791294e-02 1.382170006910850117e-02 1.693158258465791294e-02
4.982752012265235717e-03 1.226523572249904256e-02 6.515906477577615603e-03 7.052510540436948694e-02 5.519356075124568634e-02 7.282483710233805980e-03 1.226523572249904256e-02 0.000000000000000000e+00 0.000000000000000000e+00 1.264852433882713602e-02 1.494825603679570715e-02 1.153698735147566101e-01 4.082023763894212509e-01 0.000000000000000000e+00 2.836335760827903354e-02 4.024530471444998092e-02 0.000000000000000000e+00 2.031429666538903805e-02 4.982752012265235717e-03 2.606362591031046241e-02 9.620544269835186457e-02 1.494825603679570715e-02 2.453047144499808513e-02 1.264852433882713602e-02 1.149865848984285219e-02
1.501305483028720668e-02 5.352480417754568870e-02 3.720626631853785754e-02 2.147519582245430714e-01 5.972584856396866843e-02 1.925587467362924188e-02 6.462140992167102194e-02 0.000000000000000000e+00 0.000000000000000000e+00 6.690600522193211608e-02 5.613577023498694807e-02 4.079634464751958484e-02 0.000000000000000000e+00 0.000000000000000000e+00 6.103133159268929464e-02 3.035248041775456818e-02 0.000000000000000000e+00 2.088772845953002638e-02 4.993472584856396834e-02 1.338120104438642217e-02 1.145561357702349903e-01 1.011749347258485664e-02 2.774151436031331575e-02 1.501305483028720668e-02 2.904699738903394196e-02
1.467820850583364742e-02 8.656379375235227075e-03 2.634550244636808466e-03 0.000000000000000000e+00 8.385397064358298680e-01 4.892736168611215228e-03 2.634550244636808466e-03 0.000000000000000000e+00 0.000000000000000000e+00 1.317275122318404233e-02 4.215280391418893546e-02 6.021829130598419476e-03 0.000000000000000000e+00 0.000000000000000000e+00 2.634550244636808466e-03 1.317275122318404233e-02 0.000000000000000000e+00 6.774557771923222019e-03 3.387278885961611009e-03 1.505457282649604869e-03 6.021829130598419476e-03 3.763643206624011847e-03 5.645464809936017771e-03 1.693639442980805418e-02 6.774557771923222019e-03
3.714218121599242861e-02 4.660515732197776512e-02 4.187366926898509339e-02 0.000000000000000000e+00 0.000000000000000000e+00 2.933522592855453137e-02 3.950792524248876447e-02 0.000000000000000000e+00 0.000000000000000000e+00 3.950792524248876447e-02 3.950792524248876447e-02 4.423941329548142926e-02 0.000000000000000000e+00 0.000000000000000000e+00 4.897090134847409404e-02 2.933522592855453137e-02 0.000000000000000000e+00 9.439318665720368429e-02 4.897090134847409404e-02 3.193754435770049943e-02 1.462029808374733786e-01 1.329548142890939200e-01 7.310149041873668929e-02 3.453986278684646055e-02 4.187366926898509339e-02
2.521008403361344602e-02 3.819709702062643172e-04 7.257448433919021918e-03 0.000000000000000000e+00 0.000000000000000000e+00 5.729564553093965083e-03 7.257448433919021918e-03 0.000000000000000000e+00 0.000000000000000000e+00 9.549274255156607605e-03 5.347593582887700224e-03 3.819709702062643172e-04 0.000000000000000000e+00 0.000000000000000000e+00 1.260504201680672301e-02 3.819709702062643172e-04 0.000000000000000000e+00 2.864782276546982281e-02 2.062643239113827465e-02 1.031321619556913732e-02 0.000000000000000000e+00 8.090145148968678201e-01 1.718869365928189438e-02 3.819709702062643389e-03 3.628724216959511306e-02
9.004502251125562351e-03 6.253126563281641292e-02 1.500750375187593797e-03 9.354677338669334374e-02 1.130565282641320668e-01 1.500750375187593797e-03 3.651825912956477987e-02 7.703851925962981739e-02 6.903451725862931598e-02 1.800900450225112470e-02 4.002001000500249837e-03 1.055527763881941028e-01 1.600800400200099935e-02 1.500750375187593797e-03 3.501750875437718846e-02 3.501750875437718846e-02 1.500750375187593797e-03 8.004002001000500022e-02 6.903451725862931598e-02 3.001500750375187682e-02 1.500750375187593797e-03 2.051025512756378053e-02 9.654827413706854045e-02 7.503751875937969204e-03 1.450725362681340620e-02
1.348314606741573066e-02 1.573033707865168634e-02 1.258426966292134838e-02 3.730337078651685401e-02 0.000000000000000000e+00 1.573033707865168634e-02 1.123595505617977497e-02 7.775280898876404945e-02 1.797752808988764203e-02 4.314606741573033533e-02 1.123595505617977497e-02 1.123595505617977497e-02 2.022471910112359425e-02 5.123595505617977580e-02 1.348314606741573066e-02 1.348314606741573066e-02 7.640449438202247603e-03 1.653932584269662831e-01 1.824719101123595533e-01 3.910112359550561856e-02 1.321348314606741459e-01 3.730337078651685401e-02 3.505617977528090179e-02 1.573033707865168634e-02 1.932584269662921198e-02
8.731808731808732293e-03 1.247401247401247470e-03 9.563409563409563940e-03 2.910602910602910764e-02 0.000000000000000000e+00 2.661122661122661270e-02 2.952182952182952347e-02 1.995841995841995953e-02 2.120582120582120700e-02 9.937629937629938182e-02 2.952182952182952347e-02 6.652806652806653176e-03 1.218295218295218363e-01 1.288981288981289053e-02 2.494802494802494941e-03 1.081081081081081141e-02 1.679833679833679927e-01 2.498960498960499099e-01 0.000000000000000000e+00 1.496881496881496965e-02 5.239085239085239376e-02 4.989604989604989882e-02 9.979209979209979764e-03 7.068607068607068999e-03 1.829521829521829623e-02
5.382545174932718349e-03 1.422529796232218334e-02 1.768550557477892998e-02 1.307189542483660170e-02 0.000000000000000000e+00 1.768550557477892998e-02 1.191849288735101833e-02 3.690888119953864011e-02 1.307189542483660170e-02 1.276432141484044602e-01 2.422145328719723170e-02 6.574394463667819488e-02 1.806997308727412432e-01 2.322183775470972600e-01 1.191849288735101833e-02 3.075740099961553342e-02 2.306805074971165007e-02 0.000000000000000000e+00 0.000000000000000000e+00 1.999231064975009672e-02 4.575163398692810163e-02 5.382545174932718349e-03 4.498269896193771850e-02 3.767781622452903018e-02 1.999231064975009672e-02
1.152516327314636897e-03 3.073376872839032013e-03 4.917402996542451221e-02 1.190933538225124808e-02 0.000000000000000000e+00 2.305032654629273967e-02 3.495966192854398774e-02 5.109489051094890516e-02 2.112946600076834325e-02 8.067614291202458709e-03 1.344602381867076452e-02 1.882443334613907032e-02 5.001920860545524539e-01 0.000000000000000000e+00 5.608912792931233099e-02 2.305032654629273967e-02 1.651940069150979740e-02 0.000000000000000000e+00 0.000000000000000000e+00 3.380714560122934781e-02 5.147906262005378514e-02 2.381867076450249615e-02 1.152516327314636897e-03 2.612370341913177255e-02 3.188628505570495486e-02
6.967585580127234543e-03 7.028173280823993285e-02 2.574977279612238740e-02 4.332020599818237061e-02 0.000000000000000000e+00 1.969100272644653052e-02 2.362920327173583662e-02 8.997273553468645990e-02 1.884277491669191229e-01 4.150257497727961181e-02 3.453498939715237553e-02 3.574674341108755038e-02 0.000000000000000000e+00 0.000000000000000000e+00 1.181460163586791831e-02 2.665858830657376680e-02 4.029082096334444391e-02 0.000000000000000000e+00 0.000000000000000000e+00 1.423810966373826106e-02 1.757043320205998321e-02 1.045137837019085164e-01 1.675249924265374002e-01 2.574977279612238740e-02 1.181460163586791831e-02
1.449828309805417832e-02 6.867607783288821356e-03 4.578405188859213659e-03 3.815337657382678483e-03 0.000000000000000000e+00 1.755055322396031903e-02 1.449828309805417832e-02 8.218237314002289073e-01 0.000000000000000000e+00 1.716901945822205122e-02 5.723006486074017941e-03 7.630675314765357183e-04 0.000000000000000000e+00 0.000000000000000000e+00 1.030141167493323073e-02 4.578405188859213659e-03 3.815337657382678483e-03 0.000000000000000000e+00 0.000000000000000000e+00 3.815337657382678483e-03 3.891644410530331610e-02 1.068294544067150027e-02 7.630675314765357183e-04 6.867607783288821356e-03 1.297214803510110710e-02
3.732241752949674862e-02 5.754875993257885930e-02 6.164218637129785516e-02 1.314712256200337159e-01 0.000000000000000000e+00 5.225138454129545085e-02 7.584878401155790983e-02 0.000000000000000000e+00 0.000000000000000000e+00 1.757765470744040298e-02 2.600529737539128416e-02 4.478690103539609974e-02 0.000000000000000000e+00 0.000000000000000000e+00 5.225138454129545085e-02 8.090536961232844271e-02 8.596195521309896170e-02 0.000000000000000000e+00 0.000000000000000000e+00 5.225138454129545085e-02 3.973031543462557380e-02 7.994221045027691264e-02 6.573561281001685797e-02 2.359739947026246246e-02 1.516975680231158127e-02
7.465618860510805227e-03 3.929273084479371209e-02 7.504911591355599709e-01 0.000000000000000000e+00 0.000000000000000000e+00 1.375245579567779992e-02 2.750491159135560072e-03 0.000000000000000000e+00 0.000000000000000000e+00 2.357563850687622795e-03 2.121807465618860342e-02 1.296660117878192450e-02 0.000000000000000000e+00 0.000000000000000000e+00 1.807465618860510867e-02 1.178781925343811397e-02 1.139489194499017713e-02 0.000000000000000000e+00 0.000000000000000000e+00 3.614931237721021734e-02 5.893909626719056986e-03 1.571709233791748414e-02 1.611001964636542272e-02 2.396856581532416652e-02 1.060903732809430171e-02
2.839600920951650120e-02 4.553594269634177877e-02 0.000000000000000000e+00 0.000000000000000000e+00 0.000000000000000000e+00 6.548989511383986051e-02 4.093118444614991108e-02 0.000000000000000000e+00 0.000000000000000000e+00 8.262982860066513113e-02 6.344333589153236530e-02 2.839600920951650120e-02 0.000000000000000000e+00 0.000000000000000000e+00 5.704783832182144104e-02 6.139677666922486315e-02 8.467638782297262634e-02 0.000000000000000000e+00 0.000000000000000000e+00 4.783832182143770567e-02 8.672294704528012155e-02 1.227935533384497263e-01 1.227935533384497263e-01 3.095420823740087021e-02 3.095420823740087021e-02
4.032258064516128920e-03 3.629032258064516375e-02 0.000000000000000000e+00 0.000000000000000000e+00 0.000000000000000000e+00 1.290322580645161289e-02 4.032258064516129029e-04 0.000000000000000000e+00 0.000000000000000000e+00 4.032258064516129029e-04 1.532258064516128955e-02 4.032258064516129029e-04 0.000000000000000000e+00 0.000000000000000000e+00 1.653225806451612961e-02 9.274193548387096170e-03 3.024193548387096864e-02 0.000000000000000000e+00 0.000000000000000000e+00 9.677419354838710103e-03 3.629032258064516375e-02 0.000000000000000000e+00 7.979838709677419262e-01 1.209677419354838676e-02 1.814516129032258188e-02
3.651825912956477987e-02 4.402201100550275081e-02 4.102051025512756105e-02 1.900950475237618911e-02 1.000500250125062503e-02 4.002001000500249837e-03 1.300650325162581306e-02 7.253626813406703622e-02 2.301150575287643982e-02 6.003001500750375363e-02 2.451225612806403123e-02 3.401700850425212752e-02 9.854927463731866233e-02 1.400700350175087573e-02 4.702351175587794058e-02 7.553776888444221904e-02 1.375687843921961084e-01 4.102051025512756105e-02 6.753376688344171763e-02 1.500750375187593797e-03 1.650825412706353329e-02 8.454227113556778139e-02 1.500750375187593841e-02 9.004502251125562351e-03 1.050525262631315723e-02
3.913808267370272320e-02 4.837291116974493967e-03 3.078276165347405488e-03 3.078276165347405488e-03 1.143359718557607763e-01 4.881266490765171634e-02 1.671064204045734358e-02 1.055408970976253261e-02 1.222515391380826766e-01 3.518029903254177998e-02 1.055408970976253261e-02 1.684256816182937433e-01 3.078276165347405488e-03 1.671064204045734358e-02 1.539138082673702744e-02 1.978891820580475081e-02 0.000000000000000000e+00 1.671064204045734358e-02 6.068601583113456682e-02 2.550571679859278684e-02 1.072999120492524189e-01 8.575197889182058220e-02 4.353562005277045177e-02 2.198768689533861162e-02 6.596306068601583313e-03
1.259445843828715331e-03 2.267002518891687510e-02 7.136859781696053978e-03 7.220822837951301754e-02 3.568429890848026642e-02 2.980688497061292908e-02 4.617968094038623315e-03 3.946263643996641285e-02 2.476910159529806948e-02 1.511335012594458398e-02 2.770780856423173816e-02 0.000000000000000000e+00 5.856423173803526616e-01 3.904282115869017744e-02 6.297229219143577091e-03 1.259445843828715331e-03 0.000000000000000000e+00 2.770780856423173816e-02 2.476910159529806948e-02 1.259445843828715331e-03 1.175482787573467643e-02 7.976490344248529998e-03 1.259445843828715331e-03 4.617968094038623315e-03 7.976490344248529998e-03
2.769593400117854876e-02 5.303476723629935163e-02 1.157925751325869224e-01 1.181496758986446682e-01 6.747200942840306248e-02 2.327637006482027177e-02 5.450795521508544628e-02 8.102533883323512209e-02 8.898055391868002484e-02 5.892751915144372500e-03 3.889216263995285555e-02 0.000000000000000000e+00 0.000000000000000000e+00 2.327637006482027177e-02 3.034767236299351634e-02 8.249852681202120980e-03 0.000000000000000000e+00 1.502651738361814905e-02 7.071302298173247174e-03 2.239245727754861359e-02 2.416028285209192647e-02 9.222156747200942195e-02 3.977607542722451373e-02 1.797289334119033660e-02 4.478491455509722718e-02
4.000000000000000083e-02 5.791666666666666491e-02 1.416666666666666595e-02 0.000000000000000000e+00 4.508333333333333082e-01 2.916666666666666800e-03 7.083333333333332975e-03 1.554166666666666752e-01 3.833333333333333037e-02 1.250000000000000069e-02 3.708333333333333620e-02 0.000000000000000000e+00 0.000000000000000000e+00 5.416666666666666852e-02 1.250000000000000026e-03 7.083333333333332975e-03 0.000000000000000000e+00 3.749999999999999861e-03 2.083333333333333304e-03 3.708333333333333620e-02 2.500000000000000139e-02 3.541666666666666574e-02 4.583333333333333356e-03 6.666666666666667095e-03 6.666666666666667095e-03
3.050957481337228036e-02 1.135994806880882835e-02 5.842259006815968617e-03 0.000000000000000000e+00 0.000000000000000000e+00 1.752677702044790758e-02 1.265822784810126563e-02 4.576436222005842575e-02 6.579032781564426724e-01 1.622849724115546857e-02 8.763388510223953792e-03 0.000000000000000000e+00 0.000000000000000000e+00 1.947419668938656437e-02 1.850048685491723424e-02 1.006166828951639107e-02 0.000000000000000000e+00 1.493021746186303129e-02 8.763388510223953792e-03 1.622849724115546857e-02 4.901006166828951460e-02 2.726387536514118803e-02 1.752677702044790758e-02 5.842259006815968617e-03 5.842259006815968617e-03
1.142573273720814790e-02 7.451564828614008935e-04 7.029309488325881372e-02 0.000000000000000000e+00 0.000000000000000000e+00 2.384500745156482859e-02 3.303527074018876991e-02 3.931942374565325360e-01 0.000000000000000000e+00 2.988077496274217371e-01 2.831594634873323482e-02 0.000000000000000000e+00 0.000000000000000000e+00 2.906110283159463528e-02 1.639344262295082053e-02 1.415797317436661741e-02 0.000000000000000000e+00 8.693492300049676658e-03 5.464480874316939886e-03 9.438648782911078852e-03 2.061599602583209095e-02 7.699950322901143000e-03 4.719324391455539426e-03 1.192250372578241430e-02 1.217088922006954836e-02
4.466778336125069859e-03 3.294249022892239281e-02 7.040759352317140785e-01 0.000000000000000000e+00 0.000000000000000000e+00 9.771077610273589883e-03 2.289223897264098390e-02 0.000000000000000000e+00 0.000000000000000000e+00 4.048017867113344603e-02 7.258514796203238521e-03 0.000000000000000000e+00 0.000000000000000000e+00 5.862646566164153757e-03 2.205471803461753200e-02 7.258514796203238521e-03 0.000000000000000000e+00 1.228364042434394211e-02 2.903405918481295409e-02 7.258514796203238521e-03 2.987158012283640252e-02 1.451702959240647704e-02 2.400893355667224963e-02 7.258514796203238521e-03 1.870463428252373134e-02
6.634232640424591286e-04 1.813356921716054865e-02 0.000000000000000000e+00 0.000000000000000000e+00 0.000000000000000000e+00 2.919062361786819992e-02 7.319770013268465936e-02 0.000000000000000000e+00 0.000000000000000000e+00 7.927908005307385819e-01 1.194161875276426345e-02 0.000000000000000000e+00 0.000000000000000000e+00 8.624502432551967371e-03 7.739938080495356067e-03 1.769128704113224343e-03 0.000000000000000000e+00 1.946041574524546777e-02 6.634232640424591286e-04 1.769128704113224343e-03 6.634232640424591286e-04 2.211410880141530429e-03 2.189296771340114994e-02 6.634232640424591286e-04 8.624502432551967371e-03
4.136078782452998898e-02 1.409131602506714376e-01 0.000000000000000000e+00 0.000000000000000000e+00 0.000000000000000000e+00 3.974932855863921172e-02 3.974932855863921172e-02 0.000000000000000000e+00 0.000000000000000000e+00 0.000000000000000000e+00 3.509400179051029578e-02 0.000000000000000000e+00 0.000000000000000000e+00 3.051029543419874757e-01 3.581020590868397302e-02 3.025962399283796053e-02 0.000000000000000000e+00 3.831692032229185030e-02 3.974932855863921172e-02 3.348254252461951852e-02 6.857654431512981430e-02 6.571172784243509146e-02 2.954341987466427982e-02 3.025962399283796053e-02 2.632050134288272183e-02
2.700513097488522769e-03 1.215230893869835224e-02 0.000000000000000000e+00 0.000000000000000000e+00 0.000000000000000000e+00 3.240615716986227409e-03 5.401026194977045320e-04 0.000000000000000000e+00 0.000000000000000000e+00 0.000000000000000000e+00 5.401026194977045320e-04 0.000000000000000000e+00 0.000000000000000000e+00 0.000000000000000000e+00 9.481501485282203268e-01 6.751282743721306705e-03 0.000000000000000000e+00 2.700513097488522769e-03 3.780718336483932050e-03 1.890359168241966025e-03 4.050769646232784370e-03 5.401026194977045537e-03 5.401026194977045320e-04 5.671077504725898291e-03 1.890359168241966025e-03
3.774954627949183433e-02 4.972776769509981709e-02 0.000000000000000000e+00 0.000000000000000000e+00 0.000000000000000000e+00 6.116152450090744236e-02 6.315789473684210731e-02 0.000000000000000000e+00 0.000000000000000000e+00 0.000000000000000000e+00 4.373865698729582918e-02 0.000000000000000000e+00 0.000000000000000000e+00 0.000000000000000000e+00 0.000000000000000000e+00 6.678765880217785167e-02 0.000000000000000000e+00 7.894736842105262720e-02 1.745916515426497173e-01 8.457350272232304345e-02 4.283121597096188615e-02 4.482758620689655110e-02 1.261343012704174149e-01 9.001814882032667386e-02 3.575317604355716938e-02
2.026342451874366905e-03 4.390408645727794310e-03 0.000000000000000000e+00 0.000000000000000000e+00 0.000000000000000000e+00 6.754474839581223015e-04 1.340763255656872710e-01 0.000000000000000000e+00 0.000000000000000000e+00 0.000000000000000000e+00 9.118541033434649987e-03 0.000000000000000000e+00 0.000000000000000000e+00 0.000000000000000000e+00 0.000000000000000000e+00 6.754474839581223015e-04 0.000000000000000000e+00 2.026342451874366905e-03 0.000000000000000000e+00 8.385680513340088016e-01 2.364066193853427839e-03 2.364066193853427839e-03 6.754474839581223015e-04 2.364066193853427839e-03 6.754474839581223015e-04
7.898259705488620830e-02 8.589915216421240007e-02 0.000000000000000000e+00 0.000000000000000000e+00 0.000000000000000000e+00 7.898259705488620830e-02 9.036144578313252962e-02 0.000000000000000000e+00 0.000000000000000000e+00 0.000000000000000000e+00 8.813029897367247179e-02 0.000000000000000000e+00 0.000000000000000000e+00 0.000000000000000000e+00 0.000000000000000000e+00 6.514948683623382475e-02 0.000000000000000000e+00 6.514948683623382475e-02 0.000000000000000000e+00 0.000000000000000000e+00 8.634538152610442274e-02 9.036144578313252962e-02 8.121374386434628001e-02 1.012940651494868421e-01 8.813029897367247179e-02
7.745617611088463465e-03 3.709743171626579683e-02 0.000000000000000000e+00 0.000000000000000000e+00 0.000000000000000000e+00 6.522625356706074178e-03 4.076640847941296361e-04 0.000000000000000000e+00 0.000000000000000000e+00 0.000000000000000000e+00 1.630656339176518588e-02 0.000000000000000000e+00 0.000000000000000000e+00 0.000000000000000000e+00 0.000000000000000000e+00 2.445984508764777708e-03 0.000000000000000000e+00 7.745617611088463465e-03 0.000000000000000000e+00 0.000000000000000000e+00 4.076640847941296361e-04 4.076640847941296361e-04 9.783938035059110833e-03 0.000000000000000000e+00 9.111292295148797349e-01
2.151075537768884494e-02 2.951475737868934635e-02 1.400700350175087573e-02 1.500750375187593841e-02 1.000500250125062503e-02 2.401200600300150076e-02 1.750875437718859423e-02 2.196098049024512167e-01 5.002501250625312514e-03 1.500750375187593797e-03 3.001500750375187595e-03 9.354677338669334374e-02 4.952476238119059293e-02 3.901950975487743917e-02 9.004502251125562351e-03 1.225612806403201666e-01 1.025512756378189061e-01 1.750875437718859423e-02 6.753376688344171763e-02 4.202101050525262893e-02 2.151075537768884494e-02 1.350675337668834353e-02 4.902451225612806246e-02 5.002501250625312514e-03 7.003501750875437866e-03
3.035274815422477415e-02 5.332239540607054684e-03 6.029532403609515895e-02 6.562756357670221884e-03 4.101722723543888352e-03 6.521739130434782428e-02 2.461033634126333011e-02 0.000000000000000000e+00 5.332239540607054684e-03 1.517637407711238708e-02 1.394585726004922074e-02 4.019688269073010828e-02 3.100902378999179643e-01 5.127153404429860700e-02 2.461033634126333011e-02 5.332239540607054684e-03 9.762100082034454174e-02 7.136997538966366461e-02 1.107465135356849872e-02 9.023789991796555415e-03 9.515996718621820560e-02 1.517637407711238708e-02 1.189499589827727570e-02 2.378999179655455140e-02 2.461033634126333098e-03
8.348457350272231459e-03 2.431941923774954759e-02 4.827586206896551657e-02 1.052631578947368397e-02 6.352087114337567897e-02 2.540834845735027211e-03 1.451905626134301214e-02 0.000000000000000000e+00 1.027223230490018208e-01 1.176043557168783976e-01 1.234119782214156136e-02 1.597096188747731405e-01 0.000000000000000000e+00 1.092558983666061662e-01 1.524500907441016413e-02 5.335753176043556839e-02 1.451905626134301170e-03 3.085299455535390339e-02 5.807622504537204855e-02 9.800362976406533713e-03 7.041742286751360991e-02 1.742286751361161665e-02 3.411978221415608303e-02 1.451905626134301214e-02 2.105263157894736795e-02
1.394013940139401421e-02 1.640016400164001544e-03 6.970069700697007105e-03 2.050020500205002039e-02 2.296022960229602422e-02 1.640016400164001544e-03 1.640016400164001544e-03 0.000000000000000000e+00 1.476014760147601433e-02 1.230012300123001223e-02 5.330053300533005127e-03 0.000000000000000000e+00 0.000000000000000000e+00 1.148011480114801211e-02 3.075030750307503058e-02 1.312013120131201235e-02 7.412874128741286928e-01 1.394013940139401421e-02 1.312013120131201235e-02 4.100041000410004077e-03 1.804018040180401655e-02 3.608036080360803310e-02 1.640016400164001544e-03 1.640016400164001544e-03 1.312013120131201235e-02
1.181722689075630217e-02 1.575630252100840289e-02 6.355042016806722316e-02 3.728991596638655398e-02 5.383403361344538118e-02 9.453781512605041390e-03 1.838235294117647120e-02 0.000000000000000000e+00 2.673319327731092376e-01 9.191176470588235947e-02 4.306722689075630217e-02 0.000000000000000000e+00 0.000000000000000000e+00 4.963235294117646773e-02 5.803571428571428770e-02 2.048319327731092446e-02 0.000000000000000000e+00 2.862394957983193169e-02 6.512605042016807178e-02 2.100840336134453951e-02 4.464285714285714385e-02 3.623949579831933082e-02 4.175420168067226628e-02 1.313025210084033632e-02 8.928571428571428076e-03
6.960556844547563515e-03 8.617832283725555820e-03 2.684786211468346076e-02 9.943652635067948189e-04 1.590984421610871710e-02 2.684786211468346076e-02 1.060656281073914416e-02 0.000000000000000000e+00 0.000000000000000000e+00 4.441498176997017017e-02 4.640371229698375677e-03 0.000000000000000000e+00 0.000000000000000000e+00 7.391448458733841376e-01 1.524693404043752157e-02 2.850513755386145306e-02 0.000000000000000000e+00 9.943652635067948622e-03 9.943652635067948189e-04 1.259529333775273423e-02 1.789857474312230717e-02 6.960556844547563515e-03 1.325820351342393150e-02 7.623467020218760784e-03 1.988730527013589638e-03
