3.203203203203203175e-02 3.203203203203203175e-02 9.009009009009008931e-03 2.502502502502502654e-02 6.106106106106105880e-02 2.002002002002001985e-03 6.206206206206206499e-02 2.502502502502502654e-02 7.007007007007007293e-02 8.108108108108108558e-02 4.104104104104103895e-02 3.503503503503503647e-02 4.604604604604604912e-02 1.431431431431431367e-01 2.002002002002001985e-03 3.203203203203203175e-02 2.002002002002001985e-03 7.207207207207207145e-02 9.409409409409409675e-02 6.206206206206206499e-02 7.007007007007006946e-03 1.801801801801801786e-02 3.003003003003002977e-02 2.002002002002001985e-03 1.401401401401401389e-02
1.376597836774827964e-02 5.211406096361848733e-02 4.818092428711897440e-02 4.031465093411996242e-02 1.779744346116027554e-01 1.376597836774827964e-02 4.424778761061946841e-02 9.832841691248771221e-02 8.849557522123893682e-03 2.359882005899704982e-02 3.146509341199606874e-02 9.537856440511308098e-02 4.031465093411996242e-02 1.179941002949852491e-02 3.933136676499508592e-03 4.621435594886922488e-02 7.079646017699114946e-02 5.211406096361848733e-02 2.753195673549655928e-02 1.966568338249754036e-02 8.849557522123893682e-03 0.000000000000000000e+00 2.949852507374631227e-02 1.966568338249754036e-02 2.163225172074729682e-02
3.050847457627118772e-02 1.355932203389830469e-02 2.254237288135593209e-01 1.186440677966101725e-02 0.000000000000000000e+00 2.288135593220338992e-02 7.372881355932203729e-02 3.135593220338982884e-02 9.491525423728813804e-02 1.016949152542372808e-02 4.152542372881355692e-02 1.508474576271186529e-01 8.559322033898304760e-02 1.186440677966101725e-02 1.525423728813559386e-02 3.305084745762711801e-02 2.711864406779660938e-02 2.542372881355932021e-03 5.084745762711864042e-03 2.288135593220338992e-02 4.661016949152542443e-02 0.000000000000000000e+00 1.355932203389830469e-02 1.949152542372881505e-02 1.016949152542372808e-02
0.000000000000000000e+00 5.797101449275362389e-03 5.797101449275362389e-03 6.280193236714975979e-02 0.000000000000000000e+00 3.091787439613526492e-02 8.985507246376811530e-02 2.512077294685990253e-02 1.739130434782608717e-02 7.729468599033816230e-03 1.545893719806763211e-01 1.314009661835748854e-01 9.178743961352657521e-02 2.222222222222222307e-02 1.159420289855072478e-02 1.352657004830917949e-02 7.729468599033816056e-02 5.217391304347825803e-02 1.835748792270531365e-02 9.661835748792270070e-03 1.111111111111111049e-01 0.000000000000000000e+00 1.835748792270531365e-02 3.671497584541062731e-02 5.797101449275362389e-03
0.000000000000000000e+00 2.285191956124314402e-02 2.650822669104204582e-02 2.650822669104204582e-02 0.000000000000000000e+00 9.689213893967092706e-02 6.398537477148080743e-03 1.553930530164533870e-02 2.650822669104204582e-02 3.656307129798903096e-03 1.115173674588665481e-01 9.140767824497257610e-02 0.000000000000000000e+00 1.499085923217550187e-01 3.656307129798903096e-03 6.489945155393052334e-02 1.471663619744058571e-01 1.919561243144424223e-02 2.833638025594149845e-02 6.489945155393052334e-02 6.307129798903107765e-02 0.000000000000000000e+00 6.398537477148080743e-03 1.371115173674588607e-02 1.096892138939670885e-02
0.000000000000000000e+00 1.375752364574376642e-02 1.633705932932072100e-02 1.633705932932072100e-02 0.000000000000000000e+00 1.375752364574376642e-02 5.159071367153912624e-03 9.716251074806535326e-02 4.170249355116079082e-01 3.869303525365434121e-02 5.245055889939810589e-02 1.203783319002579497e-02 0.000000000000000000e+00 0.000000000000000000e+00 6.878761822871883209e-03 5.932932072226999171e-02 5.932932072226999171e-02 1.203783319002579497e-02 1.633705932932072100e-02 9.544282029234738007e-02 4.471195184866724043e-02 0.000000000000000000e+00 6.878761822871883209e-03 2.579535683576956312e-03 1.375752364574376642e-02
0.000000000000000000e+00 1.779026217228464254e-02 4.681647940074906526e-03 7.490636704119850268e-03 0.000000000000000000e+00 1.310861423220973862e-02 3.838951310861422883e-02 1.966292134831460620e-02 3.089887640449437978e-01 3.651685393258426865e-02 1.966292134831460620e-02 2.247191011235954994e-02 0.000000000000000000e+00 0.000000000000000000e+00 1.779026217228464254e-02 1.807116104868913831e-01 0.000000000000000000e+00 1.966292134831460620e-02 1.413857677902621846e-01 3.464419475655430847e-02 1.498127340823970054e-02 0.000000000000000000e+00 3.464419475655430847e-02 5.430711610486891466e-02 1.310861423220973862e-02
0.000000000000000000e+00 3.009781790820165431e-03 3.009781790820165431e-03 6.388261851015801795e-01 0.000000000000000000e+00 7.524454477050413793e-03 7.524454477050413793e-03 1.279157261098570406e-02 0.000000000000000000e+00 9.029345372460495858e-03 7.524454477050413793e-03 1.429646350639578699e-02 0.000000000000000000e+00 0.000000000000000000e+00 1.128668171557562112e-02 2.332580887885628285e-02 0.000000000000000000e+00 1.723100075244544671e-01 1.580135440180586992e-02 9.029345372460495858e-03 1.580135440180586992e-02 0.000000000000000000e+00 2.934537246049661458e-02 9.029345372460495858e-03 1.053423626787057879e-02
0.000000000000000000e+00 4.261645193260654024e-02 1.684836471754212056e-02 4.459861248761149422e-01 0.000000000000000000e+00 2.279484638255698664e-02 3.270564915758176344e-02 7.433102081268583294e-02 0.000000000000000000e+00 1.090188305252725448e-02 0.000000000000000000e+00 4.459861248761149560e-02 0.000000000000000000e+00 0.000000000000000000e+00 6.640237859266601150e-02 2.279484638255698664e-02 0.000000000000000000e+00 1.357779980178394352e-01 7.928642220019821441e-03 7.928642220019821441e-03 7.928642220019821441e-03 0.000000000000000000e+00 4.063429137760158488e-02 1.585728444003964288e-02 3.964321110009910720e-03
0.000000000000000000e+00 1.210428305400372377e-02 1.210428305400372377e-02 9.404096834264431826e-02 0.000000000000000000e+00 4.096834264432029638e-02 4.655493482309124714e-02 0.000000000000000000e+00 0.000000000000000000e+00 1.210428305400372377e-02 0.000000000000000000e+00 1.210428305400372377e-02 0.000000000000000000e+00 0.000000000000000000e+00 1.135940409683426494e-01 5.214152700186219791e-02 0.000000000000000000e+00 6.238361266294226853e-02 3.165735567970204833e-01 9.124767225325884634e-02 6.238361266294226853e-02 0.000000000000000000e+00 1.210428305400372377e-02 2.141527001862197563e-02 3.817504655493482446e-02
0.000000000000000000e+00 3.601895734597156118e-02 2.938388625592417217e-02 1.327014218009478670e-02 0.000000000000000000e+00 9.478672985781990811e-04 9.478672985781990811e-04 0.000000000000000000e+00 0.000000000000000000e+00 9.478672985781990811e-04 0.000000000000000000e+00 9.478672985781990811e-04 0.000000000000000000e+00 0.000000000000000000e+00 4.644549763033175432e-02 0.000000000000000000e+00 0.000000000000000000e+00 5.478672985781990468e-01 2.654028436018957549e-01 9.478672985781990811e-04 9.478672985781990811e-04 0.000000000000000000e+00 4.739336492890995622e-03 3.127962085308056556e-02 1.990521327014218092e-02
0.000000000000000000e+00 5.897273303741280837e-02 1.230183893468611289e-01 8.370323398858592334e-02 0.000000000000000000e+00 7.165504121750158883e-02 1.039949270767279582e-01 0.000000000000000000e+00 0.000000000000000000e+00 1.001902346227013380e-01 0.000000000000000000e+00 5.009511731135066898e-02 0.000000000000000000e+00 0.000000000000000000e+00 6.721623335447050873e-02 0.000000000000000000e+00 0.000000000000000000e+00 0.000000000000000000e+00 3.551046290424857144e-02 5.897273303741280837e-02 5.009511731135066898e-02 0.000000000000000000e+00 7.989854153455928920e-02 4.058338617628408362e-02 7.609384908053265506e-02
0.000000000000000000e+00 1.297777777777777697e-01 1.751111111111111063e-01 1.751111111111111063e-01 0.000000000000000000e+00 1.422222222222222290e-02 1.351111111111110985e-01 0.000000000000000000e+00 0.000000000000000000e+00 8.177777777777778256e-02 0.000000000000000000e+00 3.555555555555555726e-03 0.000000000000000000e+00 0.000000000000000000e+00 5.066666666666666541e-02 0.000000000000000000e+00 0.000000000000000000e+00 0.000000000000000000e+00 5.155555555555555586e-02 8.888888888888889315e-04 4.888888888888889145e-02 0.000000000000000000e+00 0.000000000000000000e+00 5.155555555555555586e-02 8.177777777777778256e-02
0.000000000000000000e+00 5.957836846929422808e-02 1.054078826764436316e-01 1.292392300641613256e-01 0.000000000000000000e+00 7.332722273143904568e-02 1.347387717690192444e-01 0.000000000000000000e+00 0.000000000000000000e+00 0.000000000000000000e+00 0.000000000000000000e+00 5.957836846929422808e-02 0.000000000000000000e+00 0.000000000000000000e+00 5.866177818515123932e-02 0.000000000000000000e+00 0.000000000000000000e+00 0.000000000000000000e+00 7.974335472043996009e-02 7.974335472043996009e-02 7.332722273143904568e-02 0.000000000000000000e+00 0.000000000000000000e+00 7.332722273143904568e-02 7.332722273143904568e-02
0.000000000000000000e+00 1.268796992481203145e-01 1.973684210526315819e-01 1.973684210526315819e-01 0.000000000000000000e+00 1.691729323308270583e-02 1.569548872180451249e-01 0.000000000000000000e+00 0.000000000000000000e+00 0.000000000000000000e+00 0.000000000000000000e+00 0.000000000000000000e+00 0.000000000000000000e+00 0.000000000000000000e+00 1.268796992481203145e-01 0.000000000000000000e+00 0.000000000000000000e+00 0.000000000000000000e+00 3.759398496240601295e-03 4.699248120300751619e-02 3.947368421052631360e-02 0.000000000000000000e+00 0.000000000000000000e+00 8.646616541353382979e-02 9.398496240601503238e-04
0.000000000000000000e+00 1.029159519725557498e-01 1.149228130360205880e-01 9.005145797598627933e-02 0.000000000000000000e+00 1.149228130360205880e-01 0.000000000000000000e+00 0.000000000000000000e+00 0.000000000000000000e+00 0.000000000000000000e+00 0.000000000000000000e+00 0.000000000000000000e+00 0.000000000000000000e+00 0.000000000000000000e+00 9.005145797598627933e-02 0.000000000000000000e+00 0.000000000000000000e+00 0.000000000000000000e+00 1.029159519725557498e-01 8.919382504288164704e-02 1.029159519725557498e-01 0.000000000000000000e+00 0.000000000000000000e+00 1.029159519725557498e-01 8.919382504288164704e-02
0.000000000000000000e+00 1.114130434782608647e-01 1.114130434782608647e-01 1.114130434782608647e-01 0.000000000000000000e+00 1.114130434782608647e-01 0.000000000000000000e+00 0.000000000000000000e+00 0.000000000000000000e+00 0.000000000000000000e+00 0.000000000000000000e+00 0.000000000000000000e+00 0.000000000000000000e+00 0.000000000000000000e+00 1.114130434782608647e-01 0.000000000000000000e+00 0.000000000000000000e+00 0.000000000000000000e+00 1.114130434782608647e-01 0.000000000000000000e+00 1.105072463768115992e-01 0.000000000000000000e+00 0.000000000000000000e+00 1.105072463768115992e-01 1.105072463768115992e-01
2.002002002002001985e-03 2.002002002002001985e-03 7.007007007007006946e-03 8.708708708708708113e-02 2.902902902902903051e-02 3.703703703703703498e-02 1.601601601601601588e-02 5.005005005005004962e-03 3.503503503503503647e-02 3.203203203203203175e-02 2.002002002002001985e-03 5.805805805805806102e-02 3.403403403403403721e-02 5.305305305305305086e-02 1.031031031031030970e-01 2.232232232232232161e-01 2.002002002002001985e-03 3.503503503503503647e-02 1.801801801801801786e-02 2.702702702702702853e-02 1.241241241241241300e-01 2.002002002002001985e-03 1.601601601601601588e-02 1.801801801801801786e-02 3.203203203203203175e-02
7.736943907156673163e-03 7.253384912959380537e-02 6.479690522243714002e-02 4.835589941972921052e-03 7.833655705996131480e-02 3.868471953578336842e-02 1.257253384912959335e-02 4.255319148936170109e-02 7.833655705996131480e-02 2.417794970986460179e-02 1.740812379110251440e-02 2.417794970986460179e-02 1.789168278529980616e-01 4.545454545454545581e-02 1.063829787234042527e-02 5.705996131528046078e-02 1.063829787234042527e-02 0.000000000000000000e+00 1.063829787234042527e-02 5.125725338491295829e-02 4.932301740812378849e-02 5.899419729206963059e-02 3.868471953578336581e-03 5.319148936170212810e-02 3.868471953578336581e-03
5.236486486486486430e-02 2.533783783783783924e-03 2.533783783783783924e-03 5.067567567567567849e-03 5.320945945945945721e-02 2.364864864864864996e-02 9.797297297297297147e-02 2.364864864864864996e-02 4.307432432432432151e-02 6.334459459459459985e-02 9.375000000000000000e-02 8.699324324324324287e-02 0.000000000000000000e+00 1.883445945945945998e-01 7.432432432432432845e-02 4.898648648648648574e-02 1.604729729729729645e-02 0.000000000000000000e+00 1.942567567567567502e-02 2.533783783783783924e-03 2.533783783783783924e-03 7.601351351351351773e-03 2.280405405405405359e-02 2.871621621621621781e-02 4.054054054054054279e-02
9.865470852017936554e-03 3.587443946188340841e-03 3.766816143497758035e-02 4.573991031390134410e-02 1.569506726457399193e-01 1.434977578475336336e-02 0.000000000000000000e+00 5.381165919282511478e-02 1.165919282511210797e-01 2.959641255605381313e-02 2.511210762331838459e-02 2.511210762331838459e-02 0.000000000000000000e+00 9.417040358744394046e-02 2.511210762331838459e-02 2.511210762331838459e-02 1.434977578475336302e-01 0.000000000000000000e+00 3.139013452914798247e-02 2.959641255605381313e-02 4.125560538116591902e-02 2.690582959641255739e-03 2.780269058295964033e-02 4.125560538116591902e-02 1.973094170403587311e-02
3.454384410983171033e-02 7.971656333038087267e-03 9.743135518157660865e-03 5.225863596102745673e-02 8.768821966341895646e-02 6.465899025686448753e-02 0.000000000000000000e+00 2.657218777679362307e-02 0.000000000000000000e+00 2.125775022143489845e-01 1.860053144375553580e-02 2.657218777679362133e-03 0.000000000000000000e+00 2.922940655447298433e-02 2.657218777679362133e-03 2.444641275465013197e-01 7.440212577502214319e-02 0.000000000000000000e+00 2.834366696191319840e-02 2.657218777679362133e-03 3.277236492471213153e-02 4.074402125775022226e-02 7.971656333038087267e-03 7.971656333038087267e-03 1.151461470327723620e-02
1.943634596695821082e-03 1.846452866861029996e-02 7.191448007774538242e-02 8.746355685131195629e-03 1.205053449951409145e-01 1.943634596695821082e-03 0.000000000000000000e+00 0.000000000000000000e+00 0.000000000000000000e+00 9.815354713313896584e-02 4.859086491739553204e-02 9.135082604470359802e-02 0.000000000000000000e+00 4.178814382896015728e-02 1.846452866861029996e-02 1.758989310009718143e-01 2.274052478134110655e-01 0.000000000000000000e+00 1.846452866861029996e-02 8.746355685131195629e-03 4.859086491739553031e-03 1.749271137026239126e-02 1.554907677356656866e-02 4.859086491739553031e-03 4.859086491739553031e-03
2.627118644067796480e-02 1.440677966101694928e-02 3.305084745762711801e-02 7.118644067796610353e-02 4.322033898305084609e-02 5.932203389830508627e-03 0.000000000000000000e+00 0.000000000000000000e+00 0.000000000000000000e+00 1.025423728813559254e-01 4.237288135593220151e-02 6.525423728813559143e-02 0.000000000000000000e+00 5.508474576271186335e-02 6.525423728813559143e-02 0.000000000000000000e+00 2.457627118644067910e-01 0.000000000000000000e+00 1.186440677966101725e-02 4.237288135593220151e-02 1.694915254237288130e-02 7.542372881355932646e-02 4.661016949152542443e-02 1.440677966101694928e-02 2.203389830508474534e-02
6.201550387596899139e-03 1.085271317829457349e-02 2.015503875968992220e-02 4.651162790697674354e-03 1.317829457364341067e-02 3.100775193798449569e-03 0.000000000000000000e+00 0.000000000000000000e+00 0.000000000000000000e+00 6.976744186046511531e-03 1.550387596899224785e-03 8.519379844961240122e-01 0.000000000000000000e+00 1.317829457364341067e-02 1.085271317829457349e-02 0.000000000000000000e+00 0.000000000000000000e+00 0.000000000000000000e+00 1.317829457364341067e-02 3.100775193798449569e-03 8.527131782945736316e-03 1.317829457364341067e-02 1.550387596899224785e-03 4.651162790697674354e-03 1.317829457364341067e-02
7.435653002859866911e-02 2.573879885605338466e-02 4.909437559580553251e-02 5.147759771210676932e-02 1.024785510009532941e-01 5.433746425166825766e-02 0.000000000000000000e+00 0.000000000000000000e+00 0.000000000000000000e+00 1.072449952335557677e-01 2.240228789323164826e-02 0.000000000000000000e+00 0.000000000000000000e+00 8.007626310772164580e-02 6.720686367969494479e-02 0.000000000000000000e+00 0.000000000000000000e+00 0.000000000000000000e+00 5.147759771210676932e-02 3.765490943755957914e-02 5.433746425166825766e-02 5.672068636796949448e-02 8.245948522402288261e-02 5.433746425166825766e-02 2.859866539561487300e-02
8.237232289950576717e-04 1.565074135090609511e-02 9.060955518945633738e-03 7.413509060955518828e-03 0.000000000000000000e+00 7.413509060955518828e-03 0.000000000000000000e+00 0.000000000000000000e+00 0.000000000000000000e+00 8.607907742998353040e-01 8.237232289950576717e-04 0.000000000000000000e+00 0.000000000000000000e+00 1.565074135090609511e-02 8.237232289950576283e-03 0.000000000000000000e+00 0.000000000000000000e+00 0.000000000000000000e+00 4.942339373970345597e-03 9.884678747940691193e-03 2.635914332784184549e-02 1.565074135090609511e-02 1.565074135090609511e-02 8.237232289950576717e-04 8.237232289950576717e-04
6.506506506506506970e-02 2.902902902902903051e-02 1.001001001001000992e-02 1.091091091091091064e-01 3.103103103103103250e-02 1.501501501501501488e-02 3.103103103103103250e-02 1.081081081081081141e-01 1.501501501501501488e-02 9.109109109109109204e-02 7.007007007007006946e-03 1.001001001001001062e-01 5.005005005005004962e-03 5.105105105105105234e-02 2.902902902902903051e-02 9.309309309309309055e-02 1.501501501501501488e-02 2.002002002002001985e-02 5.905905905905906028e-02 2.002002002002001985e-03 2.602602602602602580e-02 6.006006006006005954e-02 1.401401401401401389e-02 2.002002002002001985e-03 1.201201201201201191e-02
0.000000000000000000e+00 8.458646616541352914e-03 1.315789473684210453e-02 9.116541353383458834e-02 5.357142857142856845e-02 1.578947368421052544e-01 3.759398496240601295e-03 1.137218045112781961e-01 3.853383458646616327e-02 4.041353383458646392e-02 1.879699248120300648e-02 8.458646616541352914e-03 3.759398496240601295e-03 1.137218045112781961e-01 5.075187969924811748e-02 4.511278195488721554e-02 3.477443609022556198e-02 3.477443609022556198e-02 1.503759398496240518e-02 3.759398496240601295e-03 6.203007518796992137e-02 1.315789473684210453e-02 4.323308270676691489e-02 1.127819548872180389e-02 2.067669172932330712e-02
0.000000000000000000e+00 1.971830985915493106e-02 4.131455399061032679e-02 3.755868544600939052e-02 3.474178403755868311e-02 2.441314553990610314e-02 2.816901408450704376e-03 1.408450704225352144e-02 5.070422535211267789e-02 5.070422535211267789e-02 5.633802816901408751e-03 2.629107981220657128e-02 3.286384976525821844e-02 1.032863849765258274e-01 2.159624413145539920e-02 2.816901408450704376e-03 1.032863849765258170e-02 2.450704225352112742e-01 5.633802816901408751e-03 2.253521126760563500e-02 0.000000000000000000e+00 1.408450704225352179e-01 7.417840375586853829e-02 3.004694835680751103e-02 2.816901408450704376e-03
0.000000000000000000e+00 5.565862708719851448e-03 1.298701298701298787e-02 2.782931354359925724e-03 1.632653061224489666e-01 2.782931354359925724e-03 1.243042671614100203e-01 6.215213358070501015e-02 2.226345083487940579e-02 1.141001855287569616e-01 3.432282003710575291e-02 3.339517625231910869e-02 8.441558441558441594e-02 2.782931354359925724e-03 2.968460111317254221e-02 2.226345083487940579e-02 1.205936920222634538e-02 1.716141001855287507e-01 1.669758812615955434e-02 1.669758812615955434e-02 0.000000000000000000e+00 2.875695732838590146e-02 0.000000000000000000e+00 2.968460111317254221e-02 7.421150278293135553e-03
0.000000000000000000e+00 7.722007722007722189e-03 5.791505791505791208e-03 2.606177606177606174e-02 6.177606177606177751e-02 9.652509652509652302e-03 7.722007722007722189e-03 6.467181467181466747e-02 1.679536679536679511e-01 5.888030888030888060e-02 0.000000000000000000e+00 5.405405405405405705e-02 7.239382239382238793e-02 3.088803088803088875e-02 1.544401544401544438e-02 7.722007722007722189e-03 2.393822393822393757e-01 7.915057915057914506e-02 2.895752895752895604e-03 9.652509652509652302e-03 0.000000000000000000e+00 4.343629343629343970e-02 0.000000000000000000e+00 1.930501930501930460e-02 1.544401544401544438e-02
0.000000000000000000e+00 1.449275362318840597e-02 9.377664109121910258e-03 9.377664109121910258e-03 9.377664109121910258e-03 2.216538789428814868e-02 2.216538789428814868e-02 1.193520886615515725e-02 0.000000000000000000e+00 4.262574595055413675e-03 0.000000000000000000e+00 1.193520886615515725e-02 3.154305200341005894e-02 4.245524296675191600e-01 1.193520886615515725e-02 3.495311167945439057e-02 4.433077578857629736e-02 2.003410059676044297e-01 4.433077578857629736e-02 2.387041773231031450e-02 0.000000000000000000e+00 5.797101449275362389e-02 0.000000000000000000e+00 4.262574595055413675e-03 6.820119352088661532e-03
0.000000000000000000e+00 2.854424357754519522e-03 2.854424357754519522e-03 1.094196003805899126e-01 4.471931493815414077e-02 7.611798287345385682e-03 1.998097050428163796e-02 5.613701236917221365e-02 0.000000000000000000e+00 1.617507136060894468e-02 0.000000000000000000e+00 2.568981921979067440e-02 7.802093244529019478e-02 2.702188392007611739e-01 6.089438629876308545e-02 1.332064700285442473e-02 0.000000000000000000e+00 1.646051379638439616e-01 3.710751665080875422e-02 1.141769743101807809e-02 0.000000000000000000e+00 3.235014272121788936e-02 0.000000000000000000e+00 2.093244529019980954e-02 2.568981921979067440e-02
0.000000000000000000e+00 6.114769520225776106e-02 3.104421448730009317e-02 1.091251175917215405e-01 1.128880526810912589e-02 6.961429915333960938e-02 1.128880526810912589e-02 2.634054562558795984e-02 0.000000000000000000e+00 7.337723424270931050e-02 0.000000000000000000e+00 1.693320790216368624e-02 4.421448730009407135e-02 6.491063029162746911e-02 0.000000000000000000e+00 8.466603951081843119e-03 0.000000000000000000e+00 7.337723424270931050e-02 3.151458137347130650e-01 3.951081843838193802e-02 0.000000000000000000e+00 5.644402634054562946e-03 0.000000000000000000e+00 2.445907808090310581e-02 1.411100658513640693e-02
0.000000000000000000e+00 0.000000000000000000e+00 3.665413533834586263e-02 6.672932330827067993e-02 2.443609022556390842e-02 7.518796992481202590e-03 8.928571428571428770e-02 1.503759398496240518e-02 0.000000000000000000e+00 1.578947368421052544e-01 0.000000000000000000e+00 4.699248120300751619e-03 4.135338345864661425e-02 1.099624060150375948e-01 0.000000000000000000e+00 5.639097744360901943e-03 0.000000000000000000e+00 2.706766917293232932e-01 5.545112781954886910e-02 3.571428571428571230e-02 0.000000000000000000e+00 1.879699248120300648e-03 0.000000000000000000e+00 1.409774436090225486e-02 6.296992481203007863e-02
0.000000000000000000e+00 0.000000000000000000e+00 1.553930530164533870e-02 5.484460694698354427e-03 6.215722120658135480e-02 5.484460694698354427e-03 0.000000000000000000e+00 4.478976234003656520e-02 0.000000000000000000e+00 4.204753199268738278e-02 0.000000000000000000e+00 8.318098720292504966e-02 1.215722120658135341e-01 1.563071297989030994e-01 0.000000000000000000e+00 1.553930530164533870e-02 0.000000000000000000e+00 2.833638025594149845e-02 1.828153564899451522e-01 1.005484460694698323e-01 0.000000000000000000e+00 7.769652650822668483e-02 0.000000000000000000e+00 3.747714808043875467e-02 2.102376599634369139e-02
0.000000000000000000e+00 0.000000000000000000e+00 2.155576382380506098e-02 8.341143392689784331e-02 0.000000000000000000e+00 1.162136832239925033e-01 0.000000000000000000e+00 9.184629803186504515e-02 0.000000000000000000e+00 1.799437675726335562e-01 0.000000000000000000e+00 2.905342080599812582e-02 9.746954076850984638e-02 6.935332708528585410e-02 0.000000000000000000e+00 4.686035613870665091e-03 0.000000000000000000e+00 3.936269915651358781e-02 6.279287722586691933e-02 1.283973758200562254e-01 0.000000000000000000e+00 1.499531396438612968e-02 0.000000000000000000e+00 1.686972820993439676e-02 4.404873477038425550e-02
0.000000000000000000e+00 0.000000000000000000e+00 7.662835249042145198e-03 3.017241379310344751e-01 0.000000000000000000e+00 6.226053639846743093e-02 0.000000000000000000e+00 5.459770114942529007e-02 0.000000000000000000e+00 7.662835249042145198e-03 0.000000000000000000e+00 6.226053639846743093e-02 1.072796934865900415e-01 9.674329501915708562e-02 0.000000000000000000e+00 1.628352490421455800e-02 0.000000000000000000e+00 0.000000000000000000e+00 5.459770114942529007e-02 2.586206896551724102e-02 0.000000000000000000e+00 6.800766283524904698e-02 0.000000000000000000e+00 4.310344827586207184e-02 9.195402298850574585e-02
0.000000000000000000e+00 0.000000000000000000e+00 3.802281368821292754e-03 0.000000000000000000e+00 0.000000000000000000e+00 5.323193916349809769e-03 0.000000000000000000e+00 9.338403041825095174e-01 0.000000000000000000e+00 1.520912547528517015e-03 0.000000000000000000e+00 2.281368821292775739e-02 1.520912547528517015e-03 6.844106463878327218e-03 0.000000000000000000e+00 6.844106463878327218e-03 0.000000000000000000e+00 0.000000000000000000e+00 5.323193916349809769e-03 5.323193916349809769e-03 0.000000000000000000e+00 1.520912547528517015e-03 0.000000000000000000e+00 1.520912547528517015e-03 3.802281368821292754e-03
0.000000000000000000e+00 0.000000000000000000e+00 7.267833109017496351e-02 0.000000000000000000e+00 0.000000000000000000e+00 6.819201435621355389e-02 0.000000000000000000e+00 0.000000000000000000e+00 0.000000000000000000e+00 4.845222072678331132e-02 0.000000000000000000e+00 5.966801256168685619e-02 1.484970838941229165e-01 7.671601615074023772e-02 0.000000000000000000e+00 3.409600717810677695e-02 0.000000000000000000e+00 0.000000000000000000e+00 5.069537909376402307e-02 2.229699416778824494e-01 0.000000000000000000e+00 5.518169582772543963e-02 0.000000000000000000e+00 1.144010767160161535e-01 4.845222072678331132e-02
0.000000000000000000e+00 0.000000000000000000e+00 7.968127490039840933e-04 0.000000000000000000e+00 0.000000000000000000e+00 2.342629482071713065e-01 0.000000000000000000e+00 0.000000000000000000e+00 0.000000000000000000e+00 1.992031872509960125e-02 0.000000000000000000e+00 3.266932270916334674e-02 3.203187250996015756e-01 3.051792828685259140e-01 0.000000000000000000e+00 1.593625498007968100e-02 0.000000000000000000e+00 0.000000000000000000e+00 9.561752988047808252e-03 7.968127490039840933e-04 0.000000000000000000e+00 3.027888446215139598e-02 0.000000000000000000e+00 0.000000000000000000e+00 3.027888446215139598e-02
0.000000000000000000e+00 0.000000000000000000e+00 1.249107780157030639e-01 0.000000000000000000e+00 0.000000000000000000e+00 1.184867951463240560e-01 0.000000000000000000e+00 0.000000000000000000e+00 0.000000000000000000e+00 8.493932905067808070e-02 0.000000000000000000e+00 9.921484653818700428e-02 0.000000000000000000e+00 9.207708779443254943e-02 0.000000000000000000e+00 9.207708779443254943e-02 0.000000000000000000e+00 0.000000000000000000e+00 1.056388294075660261e-01 9.850107066381155740e-02 0.000000000000000000e+00 1.056388294075660261e-01 0.000000000000000000e+00 0.000000000000000000e+00 7.851534618129907273e-02
0.000000000000000000e+00 0.000000000000000000e+00 3.882149046793760827e-01 0.000000000000000000e+00 0.000000000000000000e+00 3.882149046793760827e-01 0.000000000000000000e+00 0.000000000000000000e+00 0.000000000000000000e+00 5.285961871750433083e-02 0.000000000000000000e+00 8.665511265164644239e-04 0.000000000000000000e+00 5.545927209705372313e-02 0.000000000000000000e+00 5.805892547660312236e-02 0.000000000000000000e+00 0.000000000000000000e+00 0.000000000000000000e+00 8.665511265164644239e-04 0.000000000000000000e+00 8.665511265164644239e-04 0.000000000000000000e+00 0.000000000000000000e+00 5.459272097053725903e-02
0.000000000000000000e+00 0.000000000000000000e+00 1.585365853658536606e-01 0.000000000000000000e+00 0.000000000000000000e+00 1.763602251407129506e-01 0.000000000000000000e+00 0.000000000000000000e+00 0.000000000000000000e+00 1.013133208255159456e-01 0.000000000000000000e+00 1.003752345215759845e-01 0.000000000000000000e+00 1.210131332082551581e-01 0.000000000000000000e+00 0.000000000000000000e+00 0.000000000000000000e+00 0.000000000000000000e+00 0.000000000000000000e+00 1.210131332082551581e-01 0.000000000000000000e+00 1.106941838649155713e-01 0.000000000000000000e+00 0.000000000000000000e+00 1.106941838649155713e-01
0.000000000000000000e+00 0.000000000000000000e+00 0.000000000000000000e+00 0.000000000000000000e+00 0.000000000000000000e+00 9.897260273972602329e-01 0.000000000000000000e+00 0.000000000000000000e+00 0.000000000000000000e+00 8.561643835616437881e-04 0.000000000000000000e+00 2.568493150684931364e-03 0.000000000000000000e+00 8.561643835616437881e-04 0.000000000000000000e+00 0.000000000000000000e+00 0.000000000000000000e+00 0.000000000000000000e+00 0.000000000000000000e+00 8.561643835616437881e-04 0.000000000000000000e+00 2.568493150684931364e-03 0.000000000000000000e+00 0.000000000000000000e+00 2.568493150684931364e-03
1.901901901901902059e-02 2.302302302302302456e-02 2.302302302302302456e-02 6.906906906906906674e-02 2.102102102102102257e-02 1.301301301301301290e-02 5.105105105105105234e-02 1.171171171171171144e-01 8.008008008008007939e-02 2.002002002002001985e-03 2.002002002002001985e-03 2.702702702702702853e-02 2.002002002002001985e-03 8.908908908908909352e-02 2.002002002002001985e-03 3.003003003003002977e-02 1.041041041041041032e-01 5.605605605605605557e-02 1.401401401401401389e-02 5.005005005005004962e-03 1.671671671671671744e-01 5.005005005005004962e-03 3.003003003003002977e-02 2.702702702702702853e-02 2.102102102102102257e-02
4.533091568449682668e-03 2.175883952855847681e-02 1.269265639165911147e-02 1.042611060743427048e-01 3.082502266545784214e-02 4.533091568449682668e-03 2.175883952855847681e-02 1.504986400725294715e-01 3.626473254759746134e-02 2.810516772438803254e-02 1.722574796010879414e-02 3.807796917497733441e-02 3.445149592021758828e-02 1.686310063463281883e-01 8.975521305530372029e-02 1.994560290117860374e-02 0.000000000000000000e+00 2.175883952855847681e-02 2.629193109700815947e-02 1.269265639165911147e-02 4.442429737080689361e-02 2.991840435176790561e-02 1.087941976427923840e-02 1.269265639165911147e-02 5.802357207615593815e-02
2.639296187683284542e-02 7.233626588465298657e-02 3.812316715542522078e-02 6.842619745845552291e-03 1.955034213098729226e-03 1.759530791788856477e-02 3.519061583577712954e-02 2.346041055718475071e-02 6.256109481915933523e-02 2.932551319648094013e-02 3.225806451612903136e-02 1.163245356793743829e-01 3.225806451612903136e-02 1.955034213098729226e-03 6.060606060606060774e-02 1.955034213098729226e-03 0.000000000000000000e+00 0.000000000000000000e+00 4.203323558162267576e-02 1.173020527859237536e-02 2.600195503421309784e-01 2.443792766373411446e-02 2.443792766373411446e-02 3.812316715542522078e-02 4.007820136852394827e-02
2.916274694261523914e-02 1.505174035747883395e-02 1.975540921919096901e-02 6.961429915333960938e-02 2.163687676387582304e-02 4.421448730009407135e-02 3.386641580432737247e-02 5.644402634054562946e-03 0.000000000000000000e+00 5.644402634054562946e-03 4.703668861712135413e-02 1.364063969896519291e-01 4.891815616180621162e-02 4.703668861712135413e-02 4.421448730009407135e-02 2.634054562558795984e-02 0.000000000000000000e+00 0.000000000000000000e+00 4.891815616180621162e-02 1.411100658513640693e-02 2.238946378174976604e-01 1.128880526810912589e-02 2.916274694261523914e-02 3.386641580432737247e-02 4.421448730009407135e-02
9.560229445506691903e-02 1.051625239005736165e-02 7.648183556405353453e-03 4.015296367112810433e-02 5.736137667304015524e-03 0.000000000000000000e+00 7.743785850860421260e-02 1.290630975143403358e-01 0.000000000000000000e+00 8.604206500956022852e-03 1.816443594646271684e-02 8.604206500956022852e-03 4.015296367112810433e-02 1.845124282982791575e-01 7.552581261950286340e-02 1.147227533460803105e-02 0.000000000000000000e+00 0.000000000000000000e+00 3.632887189292543367e-02 3.824091778202676727e-03 7.361376673040152807e-02 7.074569789674951814e-02 1.147227533460803105e-02 2.485659655831740089e-02 6.596558317399617288e-02
1.593959731543624289e-02 5.453020134228187682e-02 3.104026845637583923e-02 7.382550335570470246e-02 1.694630872483221529e-01 0.000000000000000000e+00 5.872483221476509918e-02 1.006711409395973089e-02 0.000000000000000000e+00 1.593959731543624289e-02 1.593959731543624289e-02 1.845637583892617561e-02 2.181208053691275142e-02 0.000000000000000000e+00 2.936241610738254959e-02 4.530201342281878901e-02 0.000000000000000000e+00 0.000000000000000000e+00 2.256711409395973089e-01 2.181208053691275142e-02 4.110738255033557359e-02 3.104026845637583923e-02 2.936241610738254959e-02 1.006711409395973089e-02 8.053691275167784713e-02
2.702702702702702853e-02 4.343629343629343970e-02 1.930501930501930547e-03 5.694980694980694702e-02 1.640926640926640770e-02 0.000000000000000000e+00 2.509652509652509494e-02 4.922779922779922657e-02 0.000000000000000000e+00 2.316602316602316483e-02 5.791505791505791208e-03 2.316602316602316483e-02 5.308880308880308679e-02 0.000000000000000000e+00 5.598455598455598370e-02 1.447876447876447932e-02 0.000000000000000000e+00 0.000000000000000000e+00 4.247104247104246944e-01 6.177606177606177751e-02 1.737451737451737449e-02 0.000000000000000000e+00 3.571428571428571230e-02 3.281853281853281540e-02 3.185328185328185208e-02
4.586518415566365192e-02 9.867963863794301793e-02 7.435719249478804638e-02 1.876302988186240306e-02 1.285615010423905580e-01 0.000000000000000000e+00 4.308547602501737461e-02 4.308547602501737461e-02 0.000000000000000000e+00 1.528839471855455122e-02 1.528839471855455122e-02 1.876302988186240306e-02 7.574704656011119197e-02 0.000000000000000000e+00 2.571230020847811021e-02 1.528839471855455122e-02 0.000000000000000000e+00 0.000000000000000000e+00 0.000000000000000000e+00 3.127171646977067176e-02 1.306462821403752694e-01 0.000000000000000000e+00 1.480194579569145130e-01 4.030576789437109037e-02 3.127171646977067176e-02
3.300330033003300370e-03 1.237623762376237682e-02 3.382838283828382836e-02 5.610561056105610456e-02 8.250825082508250925e-04 0.000000000000000000e+00 8.250825082508250925e-04 4.207920792079208189e-02 0.000000000000000000e+00 8.250825082508250925e-04 9.075907590759076451e-03 7.425742574257425399e-02 5.858085808580858200e-02 0.000000000000000000e+00 1.229372937293729401e-01 8.250825082508250925e-04 0.000000000000000000e+00 0.000000000000000000e+00 0.000000000000000000e+00 5.280528052805280592e-02 5.363036303630362711e-02 0.000000000000000000e+00 0.000000000000000000e+00 4.719471947194719408e-01 5.775577557755775214e-03
5.474220241884149990e-02 8.020369191597707947e-02 6.938255887969446700e-02 1.222151495862507931e-01 1.317632081476766415e-01 0.000000000000000000e+00 9.802673456397199836e-02 6.619987269255250828e-02 0.000000000000000000e+00 2.546148949713558304e-02 5.092297899427116609e-02 3.882877148313176180e-02 6.238064926798217447e-02 0.000000000000000000e+00 5.092297899427116609e-02 2.546148949713558304e-02 0.000000000000000000e+00 0.000000000000000000e+00 0.000000000000000000e+00 3.437301082113303902e-02 6.938255887969446700e-02 0.000000000000000000e+00 0.000000000000000000e+00 0.000000000000000000e+00 1.973265436028007538e-02
6.302131603336422194e-02 3.336422613531047493e-02 1.482854494902687698e-02 2.289156626506023973e-01 2.289156626506023973e-01 0.000000000000000000e+00 3.058387395736793246e-02 7.692307692307692735e-02 0.000000000000000000e+00 9.267840593141798110e-04 5.931417979610750790e-02 3.985171455050973144e-02 6.116774791473586492e-02 0.000000000000000000e+00 0.000000000000000000e+00 6.487488415199258243e-03 0.000000000000000000e+00 0.000000000000000000e+00 0.000000000000000000e+00 6.209453197405004343e-02 5.282669138090825139e-02 0.000000000000000000e+00 0.000000000000000000e+00 0.000000000000000000e+00 4.077849860982390995e-02
3.163950143815915522e-02 8.341323106423777223e-02 8.341323106423777223e-02 1.371045062320229990e-01 1.562799616490891663e-01 0.000000000000000000e+00 8.820709491850431405e-02 7.766059443911793592e-02 0.000000000000000000e+00 3.163950143815915522e-02 3.163950143815915522e-02 6.711409395973154390e-02 5.656759348034515883e-02 0.000000000000000000e+00 0.000000000000000000e+00 5.081495685522530864e-02 0.000000000000000000e+00 0.000000000000000000e+00 0.000000000000000000e+00 7.286673058485139409e-02 3.163950143815915522e-02 0.000000000000000000e+00 0.000000000000000000e+00 0.000000000000000000e+00 0.000000000000000000e+00
7.880910683012259249e-03 8.756567425569176943e-04 4.203152364273204933e-02 0.000000000000000000e+00 7.828371278458844396e-01 0.000000000000000000e+00 6.129597197898423860e-03 2.714535901926444852e-02 0.000000000000000000e+00 2.276707530647986005e-02 2.364273204903677775e-02 2.451838879159369544e-02 6.129597197898423860e-03 0.000000000000000000e+00 0.000000000000000000e+00 2.014010507880910697e-02 0.000000000000000000e+00 0.000000000000000000e+00 0.000000000000000000e+00 2.977232924693520161e-02 6.129597197898423860e-03 0.000000000000000000e+00 0.000000000000000000e+00 0.000000000000000000e+00 0.000000000000000000e+00
7.797270955165691575e-03 1.169590643274853736e-02 3.996101364522416932e-02 0.000000000000000000e+00 7.407407407407406996e-01 0.000000000000000000e+00 3.703703703703703498e-02 1.851851851851851749e-02 0.000000000000000000e+00 1.559454191033138315e-02 0.000000000000000000e+00 7.797270955165691575e-03 2.534113060428849762e-02 0.000000000000000000e+00 0.000000000000000000e+00 3.703703703703703498e-02 0.000000000000000000e+00 0.000000000000000000e+00 0.000000000000000000e+00 1.851851851851851749e-02 3.996101364522416932e-02 0.000000000000000000e+00 0.000000000000000000e+00 0.000000000000000000e+00 0.000000000000000000e+00
1.874999999999999931e-02 2.386363636363636465e-02 3.693181818181818371e-02 0.000000000000000000e+00 0.000000000000000000e+00 0.000000000000000000e+00 8.187499999999999778e-01 2.784090909090908977e-02 0.000000000000000000e+00 6.250000000000000347e-03 0.000000000000000000e+00 7.954545454545453725e-03 1.534090909090909081e-02 0.000000000000000000e+00 0.000000000000000000e+00 1.647727272727272582e-02 0.000000000000000000e+00 0.000000000000000000e+00 0.000000000000000000e+00 2.272727272727272790e-02 5.113636363636363605e-03 0.000000000000000000e+00 0.000000000000000000e+00 0.000000000000000000e+00 0.000000000000000000e+00
2.254098360655737779e-02 5.737704918032787010e-02 8.565573770491803629e-02 0.000000000000000000e+00 0.000000000000000000e+00 0.000000000000000000e+00 0.000000000000000000e+00 4.459016393442623016e-01 0.000000000000000000e+00 5.163934426229508518e-02 0.000000000000000000e+00 1.057377049180327905e-01 6.188524590163934497e-02 0.000000000000000000e+00 0.000000000000000000e+00 6.639344262295081289e-02 0.000000000000000000e+00 0.000000000000000000e+00 0.000000000000000000e+00 5.614754098360656004e-02 4.672131147540983798e-02 0.000000000000000000e+00 0.000000000000000000e+00 0.000000000000000000e+00 0.000000000000000000e+00
1.437470052707235215e-03 3.066602779108768689e-02 2.874940105414470690e-02 0.000000000000000000e+00 0.000000000000000000e+00 0.000000000000000000e+00 0.000000000000000000e+00 0.000000000000000000e+00 0.000000000000000000e+00 6.708193579300430857e-03 0.000000000000000000e+00 2.587446094873023517e-02 5.079060852898897860e-02 0.000000000000000000e+00 0.000000000000000000e+00 3.497843794920939275e-02 0.000000000000000000e+00 0.000000000000000000e+00 0.000000000000000000e+00 3.833253473885960862e-03 8.169621466219453287e-01 0.000000000000000000e+00 0.000000000000000000e+00 0.000000000000000000e+00 0.000000000000000000e+00
1.187130177514792856e-01 1.183431952662721831e-01 9.689349112426035027e-02 0.000000000000000000e+00 0.000000000000000000e+00 0.000000000000000000e+00 0.000000000000000000e+00 0.000000000000000000e+00 0.000000000000000000e+00 1.342455621301775204e-01 0.000000000000000000e+00 1.264792899408284099e-01 1.549556213017751483e-01 0.000000000000000000e+00 0.000000000000000000e+00 1.187130177514792856e-01 0.000000000000000000e+00 0.000000000000000000e+00 0.000000000000000000e+00 1.316568047337278169e-01 0.000000000000000000e+00 0.000000000000000000e+00 0.000000000000000000e+00 0.000000000000000000e+00 0.000000000000000000e+00
