1.803607214428857783e-02 5.811623246492986228e-02 4.008016032064127925e-03 4.008016032064127925e-03 5.210420841683366389e-02 1.022044088176352755e-01 1.442885771543086226e-01 2.004008016032064188e-01 6.813627254509017905e-02 3.206412825651302340e-02 7.414829659318637745e-02 4.208416833667334711e-02 1.523046092184368872e-01 1.402805611222444904e-02 3.006012024048096073e-02 4.008016032064127925e-03
1.335559265442404046e-02 4.006677796327211966e-02 1.335559265442404046e-02 4.607679465776293726e-01 1.836393989983305455e-02 5.008347245409015130e-02 1.602671118530884786e-01 0.000000000000000000e+00 1.836393989983305455e-02 4.006677796327211966e-02 4.006677796327211966e-02 4.340567612687813021e-02 1.335559265442404046e-02 5.008347245409014957e-03 6.510851419031719878e-02 1.836393989983305455e-02
6.967741935483870441e-02 2.193548387096774105e-02 4.000000000000000083e-02 0.000000000000000000e+00 6.451612903225806446e-03 2.322580645161290425e-01 1.832258064516129048e-01 0.000000000000000000e+00 6.322580645161290924e-02 1.987096774193548299e-01 2.838709677419355010e-02 2.451612903225806536e-02 9.161290322580645240e-02 1.161290322580645247e-02 2.193548387096774105e-02 6.451612903225806446e-03
2.798232695139911755e-02 2.400589101620029531e-01 1.237113402061855716e-01 0.000000000000000000e+00 1.178203240058910140e-02 0.000000000000000000e+00 2.209131075110456685e-02 0.000000000000000000e+00 6.185567010309278579e-02 1.620029455081001615e-02 1.060382916053019126e-01 8.836524300441826046e-03 1.796759941089837997e-01 6.627393225331369708e-02 4.860088365243004499e-02 8.689248895434462105e-02
2.416918429003021146e-02 0.000000000000000000e+00 6.752265861027190175e-01 0.000000000000000000e+00 4.229607250755287179e-02 0.000000000000000000e+00 1.208459214501510573e-02 0.000000000000000000e+00 1.661631419939577081e-02 1.661631419939577081e-02 7.854984894259818551e-02 1.208459214501510573e-02 1.661631419939577081e-02 7.250755287009064132e-02 1.208459214501510573e-02 2.114803625377643589e-02
1.585623678646934376e-02 0.000000000000000000e+00 0.000000000000000000e+00 0.000000000000000000e+00 5.285412262156448208e-03 0.000000000000000000e+00 8.033826638477800652e-02 0.000000000000000000e+00 2.325581395348837177e-02 3.319238900634249312e-01 2.325581395348837177e-02 5.708245243128964169e-02 3.921775898520084569e-01 4.334038054968287340e-02 1.797040169133192269e-02 9.513742071881606949e-03
4.816513761467890176e-02 0.000000000000000000e+00 0.000000000000000000e+00 0.000000000000000000e+00 1.490825688073394578e-02 0.000000000000000000e+00 3.967889908256880815e-01 0.000000000000000000e+00 5.389908256880734244e-02 1.949541284403669833e-02 3.841743119266055051e-01 1.949541284403669833e-02 0.000000000000000000e+00 3.096330275229357970e-02 2.178899082568807460e-02 1.032110091743119323e-02
6.863905325443786509e-02 0.000000000000000000e+00 0.000000000000000000e+00 0.000000000000000000e+00 2.840236686390532408e-02 0.000000000000000000e+00 0.000000000000000000e+00 0.000000000000000000e+00 6.508875739644970349e-02 8.639053254437870089e-02 1.100591715976331347e-01 2.272189349112425927e-01 0.000000000000000000e+00 2.118343195266272072e-01 8.994082840236686249e-02 1.124260355029585851e-01
1.156069364161849654e-02 0.000000000000000000e+00 0.000000000000000000e+00 0.000000000000000000e+00 5.780346820809248269e-03 0.000000000000000000e+00 0.000000000000000000e+00 0.000000000000000000e+00 1.156069364161849654e-02 1.445086705202312111e-02 8.945086705202311972e-01 0.000000000000000000e+00 0.000000000000000000e+00 1.734104046242774394e-02 3.901734104046242907e-02 5.780346820809248269e-03
1.203208556149732572e-01 0.000000000000000000e+00 0.000000000000000000e+00 0.000000000000000000e+00 1.390374331550802145e-01 0.000000000000000000e+00 0.000000000000000000e+00 0.000000000000000000e+00 1.301247771836007150e-01 1.568627450980392135e-01 0.000000000000000000e+00 0.000000000000000000e+00 0.000000000000000000e+00 1.301247771836007150e-01 1.577540106951871579e-01 1.657754010695187130e-01
1.457725947521865866e-03 0.000000000000000000e+00 0.000000000000000000e+00 0.000000000000000000e+00 1.020408163265306041e-02 0.000000000000000000e+00 0.000000000000000000e+00 0.000000000000000000e+00 1.749271137026239126e-02 2.332361516034985385e-02 0.000000000000000000e+00 0.000000000000000000e+00 0.000000000000000000e+00 4.737609329446064166e-01 4.737609329446064166e-01 0.000000000000000000e+00
2.404809619238476928e-02 6.012024048096192320e-03 2.004008016032064049e-02 1.022044088176352755e-01 3.206412825651302340e-02 9.619238476953907713e-02 3.206412825651302340e-02 5.010020040080160469e-02 1.603206412825651170e-02 5.410821643286573002e-02 1.603206412825651170e-02 2.805611222444889807e-02 4.488977955911823692e-01 2.805611222444889807e-02 4.008016032064128098e-02 6.012024048096192320e-03
5.532503457814661428e-03 8.022130013831259288e-02 1.175656984785615478e-01 5.532503457814661428e-03 1.106500691562932286e-02 3.817427385892115943e-01 5.532503457814661428e-03 1.161825726141078874e-01 5.532503457814660908e-02 4.840940525587828641e-02 5.532503457814661428e-03 6.362378976486859905e-02 0.000000000000000000e+00 4.287690179806362412e-02 4.287690179806362412e-02 1.798063623789764726e-02
1.548387096774193547e-02 1.122580645161290330e-01 5.161290322580645157e-03 2.967741935483871052e-02 9.419354838709677324e-02 0.000000000000000000e+00 5.406451612903225845e-01 1.548387096774193547e-02 2.064516129032258063e-02 5.032258064516129115e-02 2.064516129032258063e-02 2.580645161290322578e-02 0.000000000000000000e+00 2.064516129032258063e-02 2.580645161290322578e-02 2.322580645161290494e-02
8.278867102396514355e-02 6.535947712418300852e-03 6.753812636165577865e-02 1.252723311546840856e-01 9.586056644880174005e-02 0.000000000000000000e+00 0.000000000000000000e+00 7.516339869281045416e-02 9.803921568627450844e-02 2.091503267973856273e-01 1.187363834422657943e-01 1.742919389978213676e-02 0.000000000000000000e+00 5.991285403050108926e-02 1.416122004357298417e-02 2.941176470588235253e-02
1.447178002894355942e-02 4.341534008683068345e-03 7.380607814761215579e-02 1.736613603473227338e-02 3.039073806078147755e-02 0.000000000000000000e+00 0.000000000000000000e+00 1.157742402315484719e-02 2.315484804630969437e-02 0.000000000000000000e+00 7.163531114327061911e-01 1.447178002894355942e-02 0.000000000000000000e+00 4.341534008683068345e-03 8.104196816208393550e-02 8.683068017366136690e-03
1.006036217303822936e-02 7.243460764587525413e-02 1.066398390342052360e-01 1.207243460764587523e-01 8.551307847082495472e-02 0.000000000000000000e+00 0.000000000000000000e+00 1.006036217303823005e-01 7.947686116700200532e-02 0.000000000000000000e+00 0.000000000000000000e+00 6.338028169014084390e-02 0.000000000000000000e+00 1.670020120724346191e-01 1.498993963782696281e-01 4.426559356136820778e-02
1.353383458646616536e-02 1.503759398496240692e-03 2.255639097744360777e-02 1.804511278195488830e-02 1.052631578947368397e-02 0.000000000000000000e+00 0.000000000000000000e+00 1.503759398496240692e-03 1.503759398496240692e-03 0.000000000000000000e+00 0.000000000000000000e+00 1.353383458646616536e-02 0.000000000000000000e+00 0.000000000000000000e+00 9.157894736842104866e-01 1.503759398496240692e-03
1.137184115523465766e-01 1.209386281588447631e-01 1.272563176895306902e-01 1.209386281588447631e-01 1.010830324909747224e-01 0.000000000000000000e+00 0.000000000000000000e+00 9.386281588447653590e-02 1.074007220216606495e-01 0.000000000000000000e+00 0.000000000000000000e+00 9.386281588447653590e-02 0.000000000000000000e+00 0.000000000000000000e+00 0.000000000000000000e+00 1.209386281588447631e-01
7.812500000000000000e-03 1.562500000000000087e-03 0.000000000000000000e+00 9.593749999999999778e-01 9.374999999999999653e-03 0.000000000000000000e+00 0.000000000000000000e+00 9.374999999999999653e-03 9.374999999999999653e-03 0.000000000000000000e+00 0.000000000000000000e+00 1.562500000000000087e-03 0.000000000000000000e+00 0.000000000000000000e+00 0.000000000000000000e+00 1.562500000000000087e-03
4.008016032064127925e-03 3.006012024048096073e-02 5.410821643286573002e-02 4.008016032064128098e-02 5.811623246492986228e-02 4.008016032064127925e-03 2.324649298597194491e-01 7.014028056112224518e-02 4.008016032064127925e-03 1.482965931863727549e-01 4.008016032064128098e-02 4.008016032064127925e-03 2.885771543086172453e-01 4.008016032064127925e-03 1.402805611222444904e-02 4.008016032064127925e-03
1.555209953343701483e-02 5.132192846034214911e-02 2.177293934681182042e-02 2.363919129082426018e-01 6.220839813374805585e-03 1.446345256609642416e-01 2.177293934681182042e-02 1.088646967340591021e-02 8.087091757387247781e-02 3.888024883359253447e-02 7.465007776049767396e-02 1.337480559875583175e-01 0.000000000000000000e+00 6.687402799377915874e-02 2.177293934681182042e-02 7.465007776049767396e-02
1.536098310291858678e-02 1.182795698924731242e-01 2.027649769585253559e-01 0.000000000000000000e+00 6.912442396313364656e-02 1.536098310291858678e-02 4.608294930875576033e-03 1.536098310291858678e-02 1.397849462365591267e-01 2.703533026113671411e-01 3.993855606758832388e-02 5.069124423963133896e-02 0.000000000000000000e+00 9.216589861751152066e-03 2.764976958525345793e-02 2.150537634408602322e-02
4.444444444444444614e-02 5.333333333333333676e-02 1.081481481481481460e-01 0.000000000000000000e+00 6.074074074074074098e-02 5.822222222222221966e-01 6.074074074074074098e-02 3.111111111111111022e-02 1.925925925925926069e-02 0.000000000000000000e+00 4.444444444444444441e-03 2.222222222222222307e-02 0.000000000000000000e+00 4.444444444444444441e-03 4.444444444444444441e-03 4.444444444444444441e-03
8.295964125560538471e-02 1.109865470852017949e-01 8.295964125560538471e-02 0.000000000000000000e+00 1.076233183856502296e-01 0.000000000000000000e+00 9.865470852017936554e-02 7.959641255605380550e-02 1.233183856502242104e-01 0.000000000000000000e+00 5.493273542600896758e-02 1.109865470852017949e-01 0.000000000000000000e+00 5.829596412556053986e-02 5.941704035874439266e-02 3.026905829596412620e-02
1.620745542949756810e-03 8.103727714748784269e-03 1.134521880064829832e-02 0.000000000000000000e+00 9.270664505672608913e-01 0.000000000000000000e+00 2.106969205834683875e-02 1.620745542949756810e-03 0.000000000000000000e+00 0.000000000000000000e+00 1.620745542949756810e-03 1.620745542949756810e-03 0.000000000000000000e+00 1.296596434359805448e-02 1.620745542949756810e-03 1.134521880064829832e-02
1.027077497665732919e-01 7.936507936507936067e-02 1.204481792717086858e-01 0.000000000000000000e+00 0.000000000000000000e+00 0.000000000000000000e+00 1.092436974789915971e-01 1.092436974789915971e-01 0.000000000000000000e+00 0.000000000000000000e+00 7.936507936507936067e-02 1.204481792717086858e-01 0.000000000000000000e+00 1.027077497665732919e-01 9.710550887021475452e-02 7.936507936507936067e-02
1.592356687898089252e-03 7.961783439490445827e-03 0.000000000000000000e+00 0.000000000000000000e+00 0.000000000000000000e+00 0.000000000000000000e+00 9.538216560509553688e-01 9.554140127388534645e-03 0.000000000000000000e+00 0.000000000000000000e+00 9.554140127388534645e-03 1.592356687898089252e-03 0.000000000000000000e+00 9.554140127388534645e-03 1.592356687898089252e-03 4.777070063694267323e-03
1.242484969939879752e-01 6.613226452905811292e-02 1.202404809619238464e-02 2.004008016032064049e-02 6.012024048096192320e-03 3.406813627254508953e-02 1.422845691382765565e-01 1.202404809619238464e-02 1.202404809619238429e-01 1.202404809619238464e-02 1.322645290581162258e-01 3.006012024048096073e-02 7.414829659318637745e-02 1.623246492985971901e-01 3.607214428857715566e-02 1.603206412825651170e-02
8.620689655172413673e-03 8.103448275862068506e-02 6.724137931034482318e-02 2.931034482758620649e-02 1.379310344827586188e-02 8.620689655172413673e-03 3.103448275862069061e-01 5.517241379310344751e-02 1.724137931034482735e-02 1.603448275862068839e-01 5.172413793103448204e-03 3.793103448275862016e-02 8.103448275862068506e-02 0.000000000000000000e+00 1.551724137931034461e-02 1.086206896551724088e-01
5.891016200294550698e-03 5.891016200294550698e-03 2.356406480117820279e-02 3.343151693667157365e-01 3.092783505154639290e-02 5.743740795287186757e-02 0.000000000000000000e+00 3.387334315169366478e-02 1.914580265095729150e-02 3.166421207658320913e-01 3.681885125184094359e-02 4.712812960235640558e-02 6.332842415316641826e-02 0.000000000000000000e+00 1.914580265095729150e-02 5.891016200294550698e-03
6.060606060606060774e-02 8.677685950413223381e-02 1.267217630853994526e-01 0.000000000000000000e+00 1.184573002754820970e-01 2.245179063360881466e-01 0.000000000000000000e+00 1.652892561983471120e-02 8.126721763085399675e-02 6.060606060606060774e-02 3.168044077134986314e-02 9.366391184573003015e-02 2.203856749311294827e-02 0.000000000000000000e+00 2.203856749311294827e-02 5.509641873278237068e-02
3.021148036253776606e-02 1.963746223564954638e-02 6.042296072507552865e-03 0.000000000000000000e+00 6.344410876132930421e-02 0.000000000000000000e+00 0.000000000000000000e+00 3.429003021148036012e-01 2.084592145015105868e-01 4.380664652567976131e-02 6.948640483383686228e-02 5.438066465256797405e-02 2.719033232628398702e-02 0.000000000000000000e+00 4.380664652567976131e-02 9.063444108761328777e-02
5.647382920110192994e-02 6.198347107438016701e-02 6.611570247933884481e-02 0.000000000000000000e+00 7.162534435261708188e-02 0.000000000000000000e+00 0.000000000000000000e+00 0.000000000000000000e+00 4.545454545454545581e-02 4.132231404958677801e-02 4.008264462809917328e-01 7.162534435261708188e-02 6.198347107438016701e-02 0.000000000000000000e+00 6.611570247933884481e-02 5.647382920110192994e-02
1.139240506329113924e-02 1.012658227848101285e-02 2.531645569620253212e-03 0.000000000000000000e+00 2.531645569620253212e-03 0.000000000000000000e+00 0.000000000000000000e+00 0.000000000000000000e+00 1.772151898734177292e-02 2.531645569620253212e-03 0.000000000000000000e+00 9.253164556962025777e-01 8.860759493670886458e-03 0.000000000000000000e+00 1.265822784810126606e-03 1.772151898734177292e-02
9.674796747967479016e-02 1.154471544715447162e-01 1.211382113821138223e-01 0.000000000000000000e+00 1.032520325203252071e-01 0.000000000000000000e+00 0.000000000000000000e+00 0.000000000000000000e+00 1.211382113821138223e-01 9.674796747967479016e-02 0.000000000000000000e+00 0.000000000000000000e+00 1.089430894308943132e-01 0.000000000000000000e+00 1.154471544715447162e-01 1.211382113821138223e-01
2.465331278890601011e-02 2.003081664098613213e-02 0.000000000000000000e+00 0.000000000000000000e+00 1.232665639445300505e-02 0.000000000000000000e+00 0.000000000000000000e+00 0.000000000000000000e+00 2.311248073959938296e-02 2.157164869029275928e-02 0.000000000000000000e+00 0.000000000000000000e+00 3.235747303543913544e-02 0.000000000000000000e+00 4.329738058551617641e-01 4.329738058551617641e-01
3.807615230460922179e-02 3.607214428857715566e-02 3.206412825651302340e-02 6.012024048096192147e-02 2.805611222444889807e-02 4.609218436873747243e-02 3.026052104208417082e-01 6.012024048096192320e-03 6.613226452905811292e-02 3.206412825651302340e-02 1.482965931863727549e-01 6.412825651302604679e-02 3.807615230460922179e-02 3.607214428857715566e-02 4.609218436873747243e-02 2.004008016032064049e-02
1.846153846153846326e-02 1.538461538461538547e-02 1.846153846153846326e-02 1.076923076923076983e-01 7.076923076923076483e-02 2.615384615384615252e-02 0.000000000000000000e+00 2.923076923076923031e-02 2.307692307692307820e-02 3.538461538461538242e-02 7.692307692307692735e-02 7.692307692307692735e-02 4.015384615384615108e-01 6.153846153846154188e-02 1.538461538461538547e-02 2.307692307692307820e-02
1.052631578947368397e-02 2.500000000000000139e-02 2.763157894736842021e-02 1.289473684210526438e-01 1.052631578947368397e-02 2.105263157894736795e-02 0.000000000000000000e+00 5.526315789473684043e-02 2.500000000000000139e-02 3.947368421052631707e-03 4.855263157894736947e-01 1.052631578947368363e-01 0.000000000000000000e+00 2.500000000000000139e-02 2.763157894736842021e-02 4.868421052631578816e-02
1.720183486238532206e-02 1.720183486238532206e-02 2.878440366972477293e-01 1.215596330275229425e-01 1.766055045871559592e-01 2.522935779816513902e-02 0.000000000000000000e+00 3.899082568807339666e-02 3.555045871559633225e-02 1.720183486238532206e-02 0.000000000000000000e+00 5.504587155963303058e-02 0.000000000000000000e+00 8.371559633027522707e-02 9.518348623853210844e-02 2.866972477064220343e-02
3.466666666666666508e-02 2.666666666666666578e-03 0.000000000000000000e+00 6.999999999999999556e-01 2.533333333333333270e-02 2.400000000000000050e-02 0.000000000000000000e+00 1.333333333333333419e-02 8.000000000000000167e-03 1.066666666666666631e-02 0.000000000000000000e+00 8.000000000000000167e-03 0.000000000000000000e+00 2.133333333333333262e-02 1.413333333333333386e-01 1.066666666666666631e-02
8.496093750000000000e-02 6.835937500000000000e-02 0.000000000000000000e+00 0.000000000000000000e+00 1.083984375000000000e-01 8.593750000000000000e-02 0.000000000000000000e+00 5.664062500000000000e-02 7.519531250000000000e-02 8.593750000000000000e-02 0.000000000000000000e+00 1.035156250000000000e-01 0.000000000000000000e+00 9.765625000000000000e-02 1.298828125000000000e-01 1.035156250000000000e-01
1.582278481012658203e-03 1.898734177215189931e-02 0.000000000000000000e+00 0.000000000000000000e+00 1.582278481012658203e-03 2.848101265822784722e-02 0.000000000000000000e+00 4.746835443037974826e-03 1.107594936708860764e-02 1.582278481012658203e-03 0.000000000000000000e+00 1.107594936708860764e-02 0.000000000000000000e+00 9.193037974683544444e-01 0.000000000000000000e+00 1.582278481012658203e-03
