2.958579881656804664e-03 2.662721893491124328e-02 0.000000000000000000e+00 0.000000000000000000e+00 2.322485207100591642e-01 4.142011834319526964e-02 6.804733727810650945e-02 0.000000000000000000e+00 2.662721893491124328e-02 1.331360946745562164e-02 6.952662721893490549e-02 2.071005917159763343e-01 1.627218934911242587e-02 7.396449704142011444e-03 3.254437869822485174e-02 7.396449704142011444e-03 0.000000000000000000e+00 5.621301775147929253e-02 4.881656804733727761e-02 2.662721893491124328e-02 1.331360946745562164e-02 1.923076923076923184e-02 3.994082840236686666e-02 2.958579881656804664e-03 4.142011834319526964e-02
2.591463414634146215e-02 4.725609756097561009e-02 0.000000000000000000e+00 0.000000000000000000e+00 0.000000000000000000e+00 7.621951219512194953e-03 5.335365853658536467e-02 0.000000000000000000e+00 1.036585365853658486e-01 4.420731707317072934e-02 3.353658536585366057e-02 3.353658536585366057e-02 6.707317073170732113e-02 1.524390243902438991e-01 2.134146341463414795e-02 2.896341463414634290e-02 0.000000000000000000e+00 3.353658536585366057e-02 7.621951219512194953e-03 8.689024390243901830e-02 1.250000000000000000e-01 1.219512195121951262e-02 4.725609756097561009e-02 2.896341463414634290e-02 3.963414634146341514e-02
8.347245409015024639e-03 2.671118530884808093e-02 0.000000000000000000e+00 0.000000000000000000e+00 0.000000000000000000e+00 1.335559265442404046e-02 1.853088480801335647e-01 0.000000000000000000e+00 1.101836393989983343e-01 8.347245409015024639e-03 8.514190317195326208e-02 3.338898163606010116e-03 3.005008347245409217e-01 0.000000000000000000e+00 2.170283806343906510e-02 9.515859766277127985e-02 0.000000000000000000e+00 3.338898163606010116e-03 2.170283806343906510e-02 2.671118530884808093e-02 1.669449081803004928e-02 3.505843071786310383e-02 3.338898163606010116e-03 1.335559265442404046e-02 2.170283806343906510e-02
1.914580265095729150e-02 5.891016200294550698e-03 0.000000000000000000e+00 0.000000000000000000e+00 0.000000000000000000e+00 1.914580265095729150e-02 1.914580265095729150e-02 0.000000000000000000e+00 6.980854197349042334e-01 2.209131075110456685e-02 3.681885125184094359e-02 2.209131075110456685e-02 0.000000000000000000e+00 0.000000000000000000e+00 2.209131075110456685e-02 5.891016200294550698e-03 0.000000000000000000e+00 3.681885125184094359e-02 5.891016200294550698e-03 2.650957290132547814e-02 1.914580265095729150e-02 5.891016200294550698e-03 1.472754050073637674e-02 5.891016200294550698e-03 1.472754050073637674e-02
1.233299075025693775e-01 4.110996916752312352e-02 0.000000000000000000e+00 0.000000000000000000e+00 0.000000000000000000e+00 4.110996916752312352e-02 4.110996916752312526e-03 0.000000000000000000e+00 0.000000000000000000e+00 1.952723535457348558e-02 3.905447070914697116e-02 6.885919835560123936e-02 0.000000000000000000e+00 0.000000000000000000e+00 2.682425488180883999e-01 4.110996916752312526e-03 0.000000000000000000e+00 4.522096608427543518e-02 1.541623843782117219e-02 3.494347379239465257e-02 4.110996916752312526e-03 1.593011305241520958e-01 7.605344295991778303e-02 2.877697841726618855e-02 2.672147995889002925e-02
5.263157894736841987e-03 1.578947368421052683e-02 0.000000000000000000e+00 0.000000000000000000e+00 0.000000000000000000e+00 1.578947368421052683e-02 2.263157894736842202e-01 0.000000000000000000e+00 0.000000000000000000e+00 2.105263157894736795e-02 1.789473684210526327e-01 1.578947368421052683e-02 0.000000000000000000e+00 0.000000000000000000e+00 0.000000000000000000e+00 4.605263157894736586e-02 0.000000000000000000e+00 2.105263157894736795e-02 4.605263157894736586e-02 1.486842105263157798e-01 2.105263157894736795e-02 1.644736842105263275e-01 2.105263157894736795e-02 2.763157894736842021e-02 2.500000000000000139e-02
2.980625931445603574e-02 2.980625931445603574e-03 0.000000000000000000e+00 0.000000000000000000e+00 0.000000000000000000e+00 1.341281669150521695e-02 0.000000000000000000e+00 0.000000000000000000e+00 0.000000000000000000e+00 7.272727272727272929e-01 1.147540983606557402e-01 2.980625931445603574e-03 0.000000000000000000e+00 0.000000000000000000e+00 0.000000000000000000e+00 2.980625931445603574e-03 0.000000000000000000e+00 1.937406855439642236e-02 1.043219076005961338e-02 1.043219076005961338e-02 2.980625931445603574e-03 1.639344262295082053e-02 1.341281669150521695e-02 1.341281669150521695e-02 1.937406855439642236e-02
5.977710233029381870e-02 5.268490374873353865e-02 0.000000000000000000e+00 0.000000000000000000e+00 0.000000000000000000e+00 5.673758865248226813e-02 0.000000000000000000e+00 0.000000000000000000e+00 0.000000000000000000e+00 0.000000000000000000e+00 9.726443768996960448e-02 5.977710233029381870e-02 0.000000000000000000e+00 0.000000000000000000e+00 0.000000000000000000e+00 3.748733535967578578e-02 0.000000000000000000e+00 3.039513677811550227e-02 1.458966565349543998e-01 8.004052684903749382e-02 3.748733535967578578e-02 1.195542046605876374e-01 5.977710233029381870e-02 1.063829787234042562e-01 5.673758865248226813e-02
1.555209953343701396e-03 1.555209953343701396e-03 0.000000000000000000e+00 0.000000000000000000e+00 0.000000000000000000e+00 1.555209953343701396e-03 0.000000000000000000e+00 0.000000000000000000e+00 0.000000000000000000e+00 0.000000000000000000e+00 9.331259720062209245e-03 1.555209953343701396e-03 0.000000000000000000e+00 0.000000000000000000e+00 0.000000000000000000e+00 1.555209953343701483e-02 0.000000000000000000e+00 1.555209953343701396e-03 0.000000000000000000e+00 9.129082426127527183e-01 1.555209953343701396e-03 1.555209953343701396e-03 1.555209953343701396e-03 2.954898911353032523e-02 2.021772939346811945e-02
6.629834254143646133e-02 7.182320441988949977e-02 0.000000000000000000e+00 0.000000000000000000e+00 0.000000000000000000e+00 8.195211786372007257e-02 0.000000000000000000e+00 0.000000000000000000e+00 0.000000000000000000e+00 0.000000000000000000e+00 7.182320441988949977e-02 6.629834254143646133e-02 0.000000000000000000e+00 0.000000000000000000e+00 0.000000000000000000e+00 7.182320441988949977e-02 0.000000000000000000e+00 1.022099447513812182e-01 0.000000000000000000e+00 0.000000000000000000e+00 1.068139963167587525e-01 7.182320441988949977e-02 7.642725598526703412e-02 1.206261510128913417e-01 9.208103130755064536e-02
7.923930269413629462e-03 1.901743264659271071e-02 0.000000000000000000e+00 0.000000000000000000e+00 0.000000000000000000e+00 7.923930269413629462e-03 0.000000000000000000e+00 0.000000000000000000e+00 0.000000000000000000e+00 0.000000000000000000e+00 2.218700475435816249e-02 9.508716323296355355e-03 0.000000000000000000e+00 0.000000000000000000e+00 0.000000000000000000e+00 1.109350237717908125e-02 0.000000000000000000e+00 1.584786053882725892e-03 0.000000000000000000e+00 0.000000000000000000e+00 1.584786053882725892e-03 4.754358161648177677e-03 1.267828843106180714e-02 0.000000000000000000e+00 9.017432646592710155e-01
4.208416833667334711e-02 4.008016032064127925e-03 2.605210420841683194e-02 4.809619238476953856e-02 4.809619238476953856e-02 6.212424849699398760e-02 6.012024048096192147e-02 5.010020040080160469e-02 1.102204408817635262e-01 1.202404809619238464e-02 5.010020040080160469e-02 1.202404809619238464e-02 5.010020040080160469e-02 3.807615230460922179e-02 8.016032064128255849e-03 5.410821643286573002e-02 3.807615230460922179e-02 4.008016032064127925e-03 4.008016032064127925e-03 1.202404809619238464e-02 5.611222444889779615e-02 5.611222444889779615e-02 6.012024048096192147e-02 5.010020040080160469e-02 4.408817635270541324e-02
3.429602888086642765e-02 1.263537906137184030e-02 4.873646209386281458e-02 4.512635379061372132e-02 1.805054151624548714e-02 4.151624548736462111e-02 3.068592057761732744e-02 3.790613718411552091e-02 0.000000000000000000e+00 2.166064981949458387e-02 2.527075812274368061e-02 2.527075812274368061e-02 8.664259927797833549e-02 1.263537906137184030e-02 3.790613718411552091e-02 9.747292418772562916e-02 8.122743682310469560e-02 8.664259927797833549e-02 7.220216606498195203e-03 7.220216606498195203e-03 1.552346570397112047e-01 3.610108303249097428e-02 2.166064981949458387e-02 2.166064981949458387e-02 7.220216606498195203e-03
3.247863247863248121e-02 1.880341880341880254e-02 7.692307692307692735e-02 6.837606837606837601e-03 3.418803418803419147e-02 5.811965811965812134e-02 5.128205128205128027e-02 7.521367521367521014e-02 0.000000000000000000e+00 3.418803418803418800e-03 3.931623931623931534e-02 1.709401709401709574e-02 6.324786324786324521e-02 5.128205128205128027e-02 3.247863247863248121e-02 3.418803418803418800e-03 2.735042735042735040e-02 2.119658119658119622e-01 2.393162393162393334e-02 4.444444444444444614e-02 0.000000000000000000e+00 4.615384615384615641e-02 3.418803418803419147e-02 1.367521367521367520e-02 3.418803418803419147e-02
9.630818619582664011e-03 1.444622792937399688e-02 5.457463884430176909e-02 3.370786516853932491e-02 8.346709470304976286e-02 2.889245585874799377e-02 1.444622792937399688e-02 1.187800963081862005e-01 0.000000000000000000e+00 5.457463884430176909e-02 2.889245585874799377e-02 1.043338683788122001e-01 5.778491171749598754e-02 6.581059390048153712e-02 2.889245585874799377e-02 5.457463884430176909e-02 9.630818619582664011e-03 0.000000000000000000e+00 3.852327447833065605e-02 2.889245585874799377e-02 0.000000000000000000e+00 9.309791332263242514e-02 4.654895666131621257e-02 2.086677367576244072e-02 9.630818619582664011e-03
6.980802792321117063e-03 1.919720767888307214e-02 1.064572425828970298e-01 1.273996509598603888e-01 3.490401396160558532e-03 9.075043630017451401e-02 3.141361256544502462e-02 0.000000000000000000e+00 0.000000000000000000e+00 1.570680628272251231e-02 3.490401396160558532e-03 2.268760907504362850e-02 1.989528795811518203e-01 1.012216404886562005e-01 6.980802792321117063e-03 7.504363001745201212e-02 3.490401396160558532e-03 0.000000000000000000e+00 1.570680628272251231e-02 1.919720767888307214e-02 0.000000000000000000e+00 1.221640488656195421e-02 9.598603839441535723e-02 4.188481675392670411e-02 1.745200698080279266e-03
5.709624796084828563e-02 2.283849918433931633e-02 1.794453507340946011e-02 1.223491027732463293e-01 1.190864600326264205e-01 3.752039151712887460e-02 1.141924959216965817e-02 0.000000000000000000e+00 0.000000000000000000e+00 2.773246329526916909e-02 3.752039151712887460e-02 3.752039151712887460e-02 0.000000000000000000e+00 1.794453507340946011e-02 7.014681892332789992e-02 2.773246329526916909e-02 3.262642740619901838e-02 0.000000000000000000e+00 3.752039151712887460e-02 9.787928221859705513e-03 0.000000000000000000e+00 1.827079934747145307e-01 6.525285481239803675e-02 2.773246329526916909e-02 3.752039151712887460e-02
3.273322422258592625e-03 1.472995090016366616e-02 3.436988543371521931e-02 5.891980360065466465e-02 1.636661211129296356e-02 3.273322422258592625e-03 1.145662847790507310e-02 0.000000000000000000e+00 0.000000000000000000e+00 3.273322422258592625e-03 3.273322422258592625e-03 1.636661211129296356e-02 0.000000000000000000e+00 2.127659574468085055e-02 9.819967266775776749e-02 6.546644844517185251e-03 1.963993453355155488e-02 0.000000000000000000e+00 1.145662847790507310e-02 6.710310965630114644e-02 0.000000000000000000e+00 0.000000000000000000e+00 5.335515548281505316e-01 2.127659574468085055e-02 5.564648117839607333e-02
5.333333333333333676e-02 3.151515151515151686e-02 8.727272727272727959e-02 1.381818181818181834e-01 1.333333333333333315e-01 6.787878787878788567e-02 4.727272727272727182e-02 0.000000000000000000e+00 0.000000000000000000e+00 3.151515151515151686e-02 6.787878787878788567e-02 5.818181818181818177e-02 0.000000000000000000e+00 3.151515151515151686e-02 4.242424242424242681e-02 4.242424242424242681e-02 3.636363636363636187e-02 0.000000000000000000e+00 3.151515151515151686e-02 3.151515151515151686e-02 0.000000000000000000e+00 0.000000000000000000e+00 0.000000000000000000e+00 3.151515151515151686e-02 3.636363636363636187e-02
2.120717781402936541e-02 9.787928221859705513e-03 9.787928221859705513e-03 0.000000000000000000e+00 8.580750407830342041e-01 1.631321370309951136e-03 1.141924959216965817e-02 0.000000000000000000e+00 0.000000000000000000e+00 1.141924959216965817e-02 1.631321370309951136e-03 2.446982055464926725e-02 0.000000000000000000e+00 2.936378466557912001e-02 1.631321370309951136e-03 1.631321370309951136e-03 1.631321370309951136e-03 0.000000000000000000e+00 1.631321370309951136e-03 1.631321370309951136e-03 0.000000000000000000e+00 0.000000000000000000e+00 0.000000000000000000e+00 1.141924959216965817e-02 1.631321370309951136e-03
4.008016032064127925e-03 4.008016032064127925e-03 1.202404809619238464e-02 8.016032064128255849e-03 7.214428857715431131e-02 3.206412825651302340e-02 4.008016032064127925e-03 8.016032064128255849e-03 1.182364729458917768e-01 5.210420841683366389e-02 5.210420841683366389e-02 3.607214428857715566e-02 6.412825651302604679e-02 9.218436873747494487e-02 4.609218436873747243e-02 4.008016032064127925e-03 1.202404809619238464e-02 8.817635270541082648e-02 8.016032064128255849e-03 8.016032064128255849e-03 1.523046092184368872e-01 6.613226452905811292e-02 8.016032064128255849e-03 4.008016032064127925e-03 4.408817635270541324e-02
1.565217391304347949e-02 1.217391304347826067e-02 1.565217391304347949e-02 6.956521739130435041e-03 5.913043478260869568e-02 3.478260869565217434e-02 1.217391304347826067e-02 1.217391304347826067e-02 1.686956521739130521e-01 2.086956521739130599e-02 1.565217391304347949e-02 6.608695652173912638e-02 5.565217391304348032e-02 5.739130434782608453e-02 1.217391304347826067e-02 4.695652173913043154e-02 2.295652173913043381e-01 3.478260869565217434e-02 1.565217391304347949e-02 2.086956521739130599e-02 0.000000000000000000e+00 3.478260869565217434e-02 2.434782608695652134e-02 1.217391304347826067e-02 1.565217391304347949e-02
2.377179080824088839e-02 2.377179080824088839e-02 2.377179080824088839e-02 3.169572107765451785e-03 6.339144215530903570e-02 3.169572107765451785e-03 1.901743264659271071e-02 5.071315372424722856e-02 7.131537242472266169e-02 2.377179080824088839e-02 1.901743264659271071e-02 3.169572107765451785e-03 4.595879556259904741e-02 3.486529318541996963e-02 1.584786053882725892e-02 3.343898573692551390e-01 0.000000000000000000e+00 4.595879556259904741e-02 1.901743264659271071e-02 5.071315372424722856e-02 0.000000000000000000e+00 3.169572107765451785e-03 2.694136291600634017e-02 4.595879556259904741e-02 4.912836767036449920e-02
8.450704225352111826e-03 2.957746478873239313e-02 1.830985915492957736e-02 5.070422535211267789e-02 2.535211267605633895e-02 1.394366197183098677e-01 9.154929577464789026e-02 2.253521126760563500e-02 8.450704225352112520e-02 1.267605633802816947e-02 4.788732394366197048e-02 1.225352112676056371e-01 1.661971830985915499e-01 8.450704225352111826e-03 1.267605633802816947e-02 0.000000000000000000e+00 0.000000000000000000e+00 2.535211267605633895e-02 3.380281690140844730e-02 8.450704225352111826e-03 0.000000000000000000e+00 1.267605633802816947e-02 3.661971830985915471e-02 8.450704225352111826e-03 3.380281690140844730e-02
1.620745542949756810e-03 8.103727714748784616e-02 1.620745542949756810e-03 1.458670988654781238e-02 1.620745542949756810e-03 7.941653160453808480e-02 1.620745542949756810e-03 1.620745542949756810e-03 2.106969205834683875e-02 1.620745542949756810e-03 3.905996758508913924e-01 2.431118314424635385e-01 0.000000000000000000e+00 1.620745542949756810e-03 3.565640194489465287e-02 0.000000000000000000e+00 0.000000000000000000e+00 3.241491085899513708e-02 5.834683954619124951e-02 1.620745542949756810e-03 0.000000000000000000e+00 1.134521880064829832e-02 1.620745542949756854e-02 1.620745542949756810e-03 1.620745542949756810e-03
3.513513513513513709e-02 5.405405405405405705e-02 6.891891891891892274e-02 1.216216216216216284e-02 1.081081081081081141e-01 1.662162162162162116e-01 1.310810810810810745e-01 1.000000000000000056e-01 4.864864864864865135e-02 1.891891891891891997e-02 0.000000000000000000e+00 2.432432432432432567e-02 0.000000000000000000e+00 1.216216216216216284e-02 3.918918918918919136e-02 0.000000000000000000e+00 0.000000000000000000e+00 2.432432432432432567e-02 2.432432432432432567e-02 1.216216216216216284e-02 0.000000000000000000e+00 3.513513513513513709e-02 4.864864864864865135e-02 1.216216216216216284e-02 2.432432432432432567e-02
1.929260450160771856e-02 8.038585209003215604e-02 1.446945337620578718e-02 2.411575562700964473e-02 5.305466237942121910e-02 0.000000000000000000e+00 5.610932475884243820e-01 5.948553054662379658e-02 1.607717041800643069e-03 1.607717041800642982e-02 0.000000000000000000e+00 4.823151125401929640e-03 0.000000000000000000e+00 1.607717041800643069e-03 1.607717041800643069e-03 0.000000000000000000e+00 0.000000000000000000e+00 9.646302250803859279e-03 2.733118971061093347e-02 2.411575562700964473e-02 0.000000000000000000e+00 1.607717041800643069e-03 1.446945337620578718e-02 8.360128617363343784e-02 1.607717041800643069e-03
2.358490566037736019e-02 1.650943396226415005e-01 1.415094339622641473e-01 2.358490566037736019e-02 1.143867924528301910e-01 0.000000000000000000e+00 0.000000000000000000e+00 3.183962264150943383e-02 2.358490566037736019e-02 3.183962264150943383e-02 0.000000000000000000e+00 2.358490566037736019e-02 0.000000000000000000e+00 5.188679245283019104e-02 3.183962264150943383e-02 0.000000000000000000e+00 0.000000000000000000e+00 4.481132075471697812e-02 5.778301886792452935e-02 3.183962264150943383e-02 0.000000000000000000e+00 2.358490566037736019e-02 1.084905660377358527e-01 3.891509433962263981e-02 3.183962264150943383e-02
1.032863849765258274e-01 0.000000000000000000e+00 6.244131455399061226e-01 4.694835680751173468e-02 1.564945226917057938e-03 0.000000000000000000e+00 0.000000000000000000e+00 9.389671361502347630e-03 1.095461658841940557e-02 9.389671361502347630e-03 0.000000000000000000e+00 2.347417840375586734e-02 0.000000000000000000e+00 7.824726134585289691e-03 2.973395931142409909e-02 0.000000000000000000e+00 0.000000000000000000e+00 1.721439749608763559e-02 1.095461658841940557e-02 1.564945226917057938e-03 0.000000000000000000e+00 3.755868544600939052e-02 7.824726134585289691e-03 3.912363067292645019e-02 1.877934272300469526e-02
3.607214428857715566e-02 3.206412825651302340e-02 8.016032064128255849e-03 1.082164328657314600e-01 1.603206412825651170e-02 3.206412825651302340e-02 3.206412825651302340e-02 4.008016032064127925e-03 8.216432865731462809e-02 1.002004008016032094e-01 6.012024048096192147e-02 3.607214428857715566e-02 8.416833667334669422e-02 3.206412825651302340e-02 2.404809619238476928e-02 4.208416833667334711e-02 4.609218436873747243e-02 5.210420841683366389e-02 3.607214428857715566e-02 3.206412825651302340e-02 1.803607214428857783e-02 1.803607214428857783e-02 3.006012024048096073e-02 3.006012024048096073e-02 8.016032064128255849e-03
6.871609403254973214e-02 5.424954792043399678e-03 5.424954792043399678e-03 0.000000000000000000e+00 1.627486437613019990e-02 1.989150090415913244e-02 5.967450271247739385e-02 1.084990958408679936e-02 7.233273056057866468e-02 8.499095840867992857e-02 5.424954792043399678e-03 4.520795660036166369e-02 6.148282097649186012e-02 1.139240506329113889e-01 5.424954792043399678e-03 5.424954792043399678e-03 1.084990958408679936e-02 5.424954792043399678e-03 5.424954792043399678e-03 3.435804701627486607e-02 1.500904159132007143e-01 3.074141048824593006e-02 3.797468354430379861e-02 7.594936708860759722e-02 6.871609403254973214e-02
8.591065292096220635e-03 3.436426116838487907e-03 3.780068728522336524e-02 0.000000000000000000e+00 3.436426116838487907e-03 3.780068728522336524e-02 3.436426116838487907e-03 3.780068728522336524e-02 1.254295532646048095e-01 3.436426116838487907e-03 9.106529209621992693e-02 3.436426116838487907e-03 2.268041237113402053e-01 3.436426116838487907e-03 1.013745704467353959e-01 5.326460481099656169e-02 3.436426116838487907e-03 3.780068728522336524e-02 6.013745704467354097e-02 1.546391752577319645e-02 0.000000000000000000e+00 3.436426116838487907e-03 8.419243986254296153e-02 5.154639175257731687e-02 3.436426116838487907e-03
1.109350237717908125e-02 1.901743264659271071e-02 6.339144215530903570e-03 0.000000000000000000e+00 1.584786053882725892e-02 2.218700475435816249e-02 6.180665610142630634e-02 5.546751188589540277e-02 4.595879556259904741e-02 1.109350237717908125e-02 6.339144215530903570e-03 6.814580031695721685e-02 0.000000000000000000e+00 6.339144215530903570e-03 3.645007923930269206e-02 3.011093502377179196e-02 4.278922345483359563e-02 1.568938193343898668e-01 6.497622820919175812e-02 1.901743264659271071e-02 0.000000000000000000e+00 2.060221870047543591e-01 5.863708399366085455e-02 3.645007923930269206e-02 1.901743264659271071e-02
1.907790143084260592e-02 3.497615262321144419e-02 9.538950715421302962e-03 0.000000000000000000e+00 2.543720190779014470e-02 3.497615262321144419e-02 5.405405405405405705e-02 7.790143084260731099e-02 5.882352941176470507e-02 7.313195548489666298e-02 2.225755166931637358e-02 4.769475357710651481e-03 0.000000000000000000e+00 1.144674085850556494e-01 1.271860095389507235e-02 3.497615262321144419e-02 4.769475357710651481e-03 3.815580286168521185e-02 1.764705882352941291e-01 2.225755166931637358e-02 0.000000000000000000e+00 0.000000000000000000e+00 9.697933227344991691e-02 4.610492845786963445e-02 3.815580286168521185e-02
2.622950819672131145e-02 1.967213114754098532e-02 3.442622950819672345e-02 0.000000000000000000e+00 5.081967213114754051e-02 4.426229508196721091e-02 4.754098360655737571e-02 7.868852459016394130e-02 3.442622950819672345e-02 1.032786885245901704e-01 2.295081967213114665e-02 4.098360655737704611e-02 0.000000000000000000e+00 8.196721311475409222e-02 2.295081967213114665e-02 3.114754098360655865e-02 3.114754098360655865e-02 3.770491803278688825e-02 0.000000000000000000e+00 5.081967213114754051e-02 0.000000000000000000e+00 0.000000000000000000e+00 1.737704918032786927e-01 3.442622950819672345e-02 3.278688524590164105e-02
4.132231404958677801e-02 4.132231404958677801e-02 8.264462809917355601e-03 0.000000000000000000e+00 2.809917355371900974e-02 2.809917355371900974e-02 1.818181818181818094e-02 3.636363636363636187e-02 1.157024793388429680e-02 3.305785123966942067e-03 3.305785123966942067e-03 8.264462809917355601e-03 0.000000000000000000e+00 5.785123966942148921e-02 3.305785123966942067e-03 5.454545454545454281e-02 1.818181818181818094e-02 3.636363636363636187e-02 0.000000000000000000e+00 3.305785123966942067e-03 0.000000000000000000e+00 0.000000000000000000e+00 0.000000000000000000e+00 5.586776859504132275e-01 3.966942148760330827e-02
3.225806451612903136e-02 1.314217443249701342e-02 2.508960573476702594e-02 0.000000000000000000e+00 2.508960573476702594e-02 2.508960573476702594e-02 2.867383512544802865e-02 1.314217443249701342e-02 1.959378733572282039e-01 5.495818399044205549e-02 3.225806451612903136e-02 2.867383512544802865e-02 0.000000000000000000e+00 1.421744324970131423e-01 2.867383512544802865e-02 8.363201911589008067e-03 2.508960573476702594e-02 2.401433691756272304e-01 0.000000000000000000e+00 3.584229390681003408e-02 0.000000000000000000e+00 0.000000000000000000e+00 0.000000000000000000e+00 0.000000000000000000e+00 4.540023894862604825e-02
7.142857142857142634e-03 1.857142857142857206e-02 1.428571428571428570e-03 0.000000000000000000e+00 1.714285714285714371e-02 1.428571428571428570e-03 1.428571428571428570e-03 7.142857142857142634e-03 7.142857142857142634e-03 1.428571428571428570e-03 7.142857142857142634e-03 3.857142857142856901e-02 0.000000000000000000e+00 8.157142857142857251e-01 2.285714285714285712e-02 1.285714285714285691e-02 2.857142857142857054e-02 0.000000000000000000e+00 0.000000000000000000e+00 5.714285714285714281e-03 0.000000000000000000e+00 0.000000000000000000e+00 0.000000000000000000e+00 0.000000000000000000e+00 5.714285714285714281e-03
3.457943925233644689e-02 3.457943925233644689e-02 3.457943925233644689e-02 0.000000000000000000e+00 1.177570093457943889e-01 9.252336448598130758e-02 3.457943925233644689e-02 9.252336448598130758e-02 1.028037383177570069e-01 9.813084112149532412e-02 6.542056074766354479e-02 4.766355140186916139e-02 0.000000000000000000e+00 0.000000000000000000e+00 4.112149532710280414e-02 4.112149532710280414e-02 8.691588785046729104e-02 0.000000000000000000e+00 0.000000000000000000e+00 4.112149532710280414e-02 0.000000000000000000e+00 0.000000000000000000e+00 0.000000000000000000e+00 0.000000000000000000e+00 3.457943925233644689e-02
5.120000000000000245e-02 1.600000000000000077e-03 1.439999999999999961e-02 0.000000000000000000e+00 0.000000000000000000e+00 1.280000000000000061e-02 1.439999999999999961e-02 2.928000000000000047e-01 2.912000000000000144e-01 3.679999999999999938e-02 1.439999999999999961e-02 8.480000000000000038e-02 0.000000000000000000e+00 0.000000000000000000e+00 4.159999999999999809e-02 5.120000000000000245e-02 2.719999999999999848e-02 0.000000000000000000e+00 0.000000000000000000e+00 1.280000000000000061e-02 0.000000000000000000e+00 0.000000000000000000e+00 0.000000000000000000e+00 0.000000000000000000e+00 5.279999999999999971e-02
2.204408817635270662e-02 3.607214428857715566e-02 2.204408817635270662e-02 7.014028056112224518e-02 1.162324649298597246e-01 4.008016032064127925e-03 1.282565130260520936e-01 6.613226452905811292e-02 1.082164328657314600e-01 1.202404809619238464e-02 2.204408817635270662e-02 1.202404809619238464e-02 8.617234468937876035e-02 3.206412825651302340e-02 5.010020040080160469e-02 8.016032064128255849e-03 7.214428857715431131e-02 5.210420841683366389e-02 2.204408817635270662e-02 4.008016032064127925e-03 4.008016032064127925e-03 4.008016032064127925e-03 2.204408817635270662e-02 8.016032064128255849e-03 1.603206412825651170e-02
5.328596802841918494e-03 8.348134991119005033e-02 5.328596802841918494e-03 5.328596802841918494e-03 7.282415630550621854e-02 2.841918294849023197e-02 0.000000000000000000e+00 5.683836589698046393e-02 3.552397868561278649e-02 2.131438721136767397e-02 5.683836589698046393e-02 2.486678507992895124e-02 5.328596802841918494e-03 5.328596802841918494e-03 3.907637655417407069e-02 9.591474245115452768e-02 1.420959147424511460e-01 3.552397868561278649e-02 5.328596802841918494e-03 2.486678507992895124e-02 5.683836589698046393e-02 5.328596802841918494e-03 8.703374777975132759e-02 7.282415630550621854e-02 2.841918294849023197e-02
3.454231433506044745e-03 3.454231433506044745e-03 1.554404145077720178e-02 5.526770293609671592e-02 3.454231433506044745e-03 3.454231433506044918e-02 0.000000000000000000e+00 1.208981001727115791e-02 1.899827288428324740e-02 3.454231433506044745e-03 8.981001727115717204e-02 1.208981001727115791e-02 3.454231433506044745e-03 1.588946459412780565e-01 1.070811744386873932e-01 4.145077720207254041e-02 0.000000000000000000e+00 2.003454231433506039e-01 3.454231433506044745e-03 4.317789291882555974e-02 4.145077720207254041e-02 1.899827288428324740e-02 3.454231433506044918e-02 5.699481865284974219e-02 3.799654576856649479e-02
1.463414634146341549e-02 1.788617886178861874e-02 1.463414634146341549e-02 4.878048780487805047e-02 5.203252032520325199e-02 3.414634146341463672e-02 0.000000000000000000e+00 2.764227642276422675e-02 2.130081300813008172e-01 2.113821138211382025e-02 4.065040650406503975e-02 3.089430894308943173e-02 1.414634146341463283e-01 6.666666666666666574e-02 4.715447154471544972e-02 2.113821138211382025e-02 0.000000000000000000e+00 0.000000000000000000e+00 9.756097560975609748e-03 4.390243902439024126e-02 4.390243902439024126e-02 3.414634146341463672e-02 2.764227642276422675e-02 4.878048780487804874e-03 4.390243902439024126e-02
3.333333333333333287e-02 3.174603174603174600e-03 3.174603174603174600e-03 3.174603174603174600e-03 1.698412698412698485e-01 3.333333333333333287e-02 0.000000000000000000e+00 4.603174603174603474e-02 0.000000000000000000e+00 1.095238095238095233e-01 3.968253968253968034e-02 3.174603174603174427e-02 2.000000000000000111e-01 3.333333333333333287e-02 4.920634920634920501e-02 5.873015873015872967e-02 0.000000000000000000e+00 0.000000000000000000e+00 7.936507936507936067e-03 3.174603174603174600e-03 7.936507936507936067e-02 3.174603174603174600e-03 8.095238095238095621e-02 7.936507936507936067e-03 3.174603174603174600e-03
9.599999999999999159e-03 6.719999999999999585e-02 1.600000000000000033e-02 4.159999999999999809e-02 9.919999999999999651e-02 2.239999999999999977e-02 0.000000000000000000e+00 1.663999999999999924e-01 0.000000000000000000e+00 2.719999999999999848e-02 1.600000000000000033e-02 4.479999999999999954e-02 0.000000000000000000e+00 3.679999999999999938e-02 4.159999999999999809e-02 1.600000000000000033e-02 0.000000000000000000e+00 0.000000000000000000e+00 7.040000000000000424e-02 3.679999999999999938e-02 1.600000000000000033e-02 3.200000000000000067e-02 7.839999999999999747e-02 2.719999999999999848e-02 1.343999999999999917e-01
1.160862354892205558e-02 5.306799336650083049e-02 1.658374792703150953e-03 1.658374792703150953e-03 1.990049751243781057e-02 1.658374792703150953e-03 0.000000000000000000e+00 0.000000000000000000e+00 0.000000000000000000e+00 1.658374792703150953e-03 6.135986733001658200e-02 7.263681592039801238e-01 0.000000000000000000e+00 1.658374792703150953e-03 1.658374792703150953e-03 2.155887230514096087e-02 0.000000000000000000e+00 0.000000000000000000e+00 2.155887230514096087e-02 1.658374792703150953e-03 4.809286898839137958e-02 1.658374792703150953e-03 1.658374792703150953e-03 1.658374792703150953e-03 1.990049751243781057e-02
2.668089647812166634e-02 1.430096051227321141e-01 2.668089647812166634e-02 9.071504802561365655e-02 1.494130202774813197e-02 1.654215581643543320e-01 0.000000000000000000e+00 0.000000000000000000e+00 0.000000000000000000e+00 3.094983991462113213e-02 2.134471718249733238e-02 0.000000000000000000e+00 0.000000000000000000e+00 2.668089647812166634e-02 2.134471718249733238e-02 1.494130202774813197e-02 0.000000000000000000e+00 0.000000000000000000e+00 1.280683030949839873e-01 2.134471718249733238e-02 1.494130202774813197e-02 3.094983991462113213e-02 2.134471718249733238e-02 1.056563500533617972e-01 9.498399146211312927e-02
1.529051987767584110e-03 1.529051987767584110e-03 3.547400611620795119e-01 9.174311926605505096e-03 9.174311926605505096e-03 0.000000000000000000e+00 0.000000000000000000e+00 0.000000000000000000e+00 0.000000000000000000e+00 1.529051987767584110e-03 3.211009174311926784e-02 0.000000000000000000e+00 0.000000000000000000e+00 1.223241590214067288e-02 7.645259938837919989e-02 7.492354740061162033e-02 0.000000000000000000e+00 0.000000000000000000e+00 1.162079510703363933e-01 7.645259938837920335e-03 2.140672782874617625e-02 1.529051987767584110e-03 1.590214067278287458e-01 8.256880733944954587e-02 3.822629969418959994e-02
6.019151846785225635e-02 4.240766073871408970e-02 0.000000000000000000e+00 3.283173734610123073e-02 3.283173734610123073e-02 0.000000000000000000e+00 0.000000000000000000e+00 0.000000000000000000e+00 0.000000000000000000e+00 3.283173734610123073e-02 5.198358413132694866e-02 0.000000000000000000e+00 0.000000000000000000e+00 4.240766073871408970e-02 3.283173734610123073e-02 6.839945280437756403e-02 0.000000000000000000e+00 0.000000000000000000e+00 5.198358413132694866e-02 6.839945280437756403e-02 9.165526675786593580e-02 1.956224350205198470e-01 6.019151846785225635e-02 8.344733242134062812e-02 5.198358413132694866e-02
1.866251944012441849e-02 1.555209953343701396e-03 0.000000000000000000e+00 6.065318818040435489e-02 3.265940902021773062e-02 0.000000000000000000e+00 0.000000000000000000e+00 0.000000000000000000e+00 0.000000000000000000e+00 1.555209953343701396e-03 1.555209953343701396e-03 0.000000000000000000e+00 0.000000000000000000e+00 2.332814930015552138e-02 2.021772939346811945e-02 2.799377916018662427e-02 0.000000000000000000e+00 0.000000000000000000e+00 2.799377916018662427e-02 1.555209953343701396e-03 6.687402799377915874e-02 0.000000000000000000e+00 6.858475894245723570e-01 1.555209953343701396e-03 2.799377916018662427e-02
2.404809619238476928e-02 4.008016032064127925e-03 4.008016032064127925e-03 3.006012024048096073e-02 4.208416833667334711e-02 5.210420841683366389e-02 1.843687374749498897e-01 1.803607214428857852e-01 4.008016032064127925e-03 3.206412825651302340e-02 5.410821643286573002e-02 3.607214428857715566e-02 8.617234468937876035e-02 1.603206412825651170e-02 4.008016032064127925e-03 4.008016032064127925e-03 6.012024048096192147e-02 1.002004008016032024e-02 4.008016032064127925e-03 4.008016032064127925e-03 4.609218436873747243e-02 3.006012024048096073e-02 3.607214428857715566e-02 1.002004008016032024e-02 4.208416833667334711e-02
4.230118443316412818e-02 7.106598984771574090e-02 3.214890016920473464e-02 1.522842639593908684e-02 1.522842639593908684e-02 6.260575296108290833e-02 0.000000000000000000e+00 2.707275803722504134e-02 9.475465313028764991e-02 1.184433164128595624e-02 1.184433164128595624e-02 3.553299492385787045e-02 9.644670050761421087e-02 4.568527918781725705e-02 6.768189509306260336e-03 3.045685279187817368e-02 1.099830795262267402e-01 4.906937394247038592e-02 6.768189509306260336e-03 4.906937394247038592e-02 5.245346869712352172e-02 1.184433164128595624e-02 2.368866328257191248e-02 5.245346869712352172e-02 4.568527918781725705e-02
4.609929078014184112e-02 5.319148936170212637e-03 5.319148936170212637e-03 3.546099290780142105e-02 4.787234042553191460e-02 5.319148936170212637e-03 0.000000000000000000e+00 4.609929078014184112e-02 9.929078014184397616e-02 2.304964539007092056e-02 3.546099290780141758e-03 2.304964539007092056e-02 1.418439716312056703e-02 3.546099290780142105e-02 1.861702127659574380e-01 9.751773049645390268e-02 0.000000000000000000e+00 2.304964539007092056e-02 5.141843971631205462e-02 3.546099290780141758e-03 5.141843971631205462e-02 2.127659574468085055e-02 1.046099290780141827e-01 6.205673758865248163e-02 8.865248226950355262e-03
8.443708609271523280e-02 4.801324503311258513e-02 2.980132450331125782e-02 5.629139072847682418e-02 1.225165562913907297e-01 2.317880794701986796e-02 0.000000000000000000e+00 9.933774834437086518e-03 9.768211920529801251e-02 4.966887417218543259e-03 2.649006622516556289e-02 5.960264900662251564e-02 1.324503311258278145e-02 5.463576158940397498e-02 0.000000000000000000e+00 5.298013245033112578e-02 0.000000000000000000e+00 1.009933774834437109e-01 3.973509933774834607e-02 4.966887417218543259e-03 2.980132450331125782e-02 1.986754966887417304e-02 9.933774834437086518e-03 1.059602649006622516e-01 4.966887417218543259e-03
1.047120418848167603e-02 4.886561954624781684e-02 2.966841186736474817e-02 5.410122164048865312e-02 0.000000000000000000e+00 2.094240837696335206e-02 0.000000000000000000e+00 1.047120418848167603e-02 9.773123909249563368e-02 4.537521815008725701e-02 4.188481675392670411e-02 1.326352530541012320e-01 2.966841186736474817e-02 5.235602094240838014e-03 0.000000000000000000e+00 1.186736474694589927e-01 0.000000000000000000e+00 2.443280977312390842e-02 6.282722513089004923e-02 5.235602094240838014e-03 1.361256544502617849e-01 4.188481675392670411e-02 3.315881326352530800e-02 1.047120418848167603e-02 4.013961605584642073e-02
8.665511265164644455e-03 1.733102253032928891e-02 3.466204506065857695e-03 3.466204506065857695e-03 0.000000000000000000e+00 4.332755632582322575e-02 0.000000000000000000e+00 8.665511265164644455e-03 1.074523396880415899e-01 1.386481802426343078e-02 3.466204506065857782e-02 3.466204506065857782e-02 4.332755632582322575e-02 4.159445407279029755e-02 0.000000000000000000e+00 4.818024263431542331e-01 0.000000000000000000e+00 8.838821490467937969e-02 1.386481802426343078e-02 3.466204506065857695e-03 0.000000000000000000e+00 1.733102253032928891e-02 1.386481802426343078e-02 1.733102253032928891e-02 3.466204506065857695e-03
2.831402831402831527e-02 3.474903474903474898e-02 2.831402831402831527e-02 3.989703989703989595e-02 0.000000000000000000e+00 1.158301158301158242e-02 0.000000000000000000e+00 3.732303732303732247e-02 2.458172458172458164e-01 2.831402831402831527e-02 3.474903474903474898e-02 1.801801801801801786e-02 8.880308880308880604e-02 1.158301158301158346e-01 0.000000000000000000e+00 0.000000000000000000e+00 0.000000000000000000e+00 1.595881595881595838e-01 1.544401544401544438e-02 4.633204633204632966e-02 0.000000000000000000e+00 6.435006435006434579e-03 2.831402831402831527e-02 2.574002574002573832e-02 6.435006435006434579e-03
4.347826086956521792e-03 4.347826086956521792e-03 9.420289855072463969e-02 3.043478260869565410e-01 0.000000000000000000e+00 5.362318840579709950e-02 0.000000000000000000e+00 1.594202898550724570e-02 0.000000000000000000e+00 1.449275362318840597e-02 4.347826086956521792e-03 7.101449275362319014e-02 3.188405797101449141e-02 2.463768115942029102e-02 0.000000000000000000e+00 0.000000000000000000e+00 0.000000000000000000e+00 3.478260869565217434e-02 5.362318840579709950e-02 1.492753623188405876e-01 0.000000000000000000e+00 1.449275362318840597e-02 1.057971014492753575e-01 2.898550724637681195e-03 1.594202898550724570e-02
3.808180535966149832e-02 2.820874471086036797e-02 2.397743300423131260e-02 0.000000000000000000e+00 0.000000000000000000e+00 2.115655853314527338e-02 0.000000000000000000e+00 5.698166431593794101e-01 0.000000000000000000e+00 4.231311706629054675e-02 5.218617771509168057e-02 2.115655853314527338e-02 2.820874471086036797e-02 2.397743300423131260e-02 0.000000000000000000e+00 0.000000000000000000e+00 0.000000000000000000e+00 2.820874471086036797e-02 1.692524682651622148e-02 2.397743300423131260e-02 0.000000000000000000e+00 1.692524682651622148e-02 1.269393511988716437e-02 2.397743300423131260e-02 2.820874471086036797e-02
2.657807308970099730e-02 3.543743078626799409e-02 8.970099667774086849e-02 0.000000000000000000e+00 0.000000000000000000e+00 5.980066445182724566e-02 0.000000000000000000e+00 0.000000000000000000e+00 0.000000000000000000e+00 5.647840531561462013e-02 3.322259136212624663e-03 2.325581395348837177e-02 9.966777408637873120e-03 5.758582502768549299e-02 0.000000000000000000e+00 0.000000000000000000e+00 0.000000000000000000e+00 2.735326688815060692e-01 4.429678848283499781e-02 1.838316722037652284e-01 0.000000000000000000e+00 2.879291251384274650e-02 4.097452934662237228e-02 5.980066445182724566e-02 6.644518272425249325e-03
4.691689008042895098e-02 4.691689008042895098e-02 2.010723860589812284e-02 0.000000000000000000e+00 0.000000000000000000e+00 1.742627345844504141e-02 0.000000000000000000e+00 0.000000000000000000e+00 0.000000000000000000e+00 8.445040214477211871e-02 2.010723860589812284e-02 2.412868632707774671e-02 2.010723860589812284e-02 2.345844504021447618e-01 0.000000000000000000e+00 0.000000000000000000e+00 0.000000000000000000e+00 0.000000000000000000e+00 1.447721179624665011e-01 4.423592493297587303e-02 0.000000000000000000e+00 5.495978552278820567e-02 3.887399463806970323e-02 1.916890080428954313e-01 1.072386058981233264e-02
8.902077151335311897e-03 6.231454005934718154e-02 8.456973293768546562e-02 0.000000000000000000e+00 0.000000000000000000e+00 3.264094955489614536e-02 0.000000000000000000e+00 0.000000000000000000e+00 0.000000000000000000e+00 8.902077151335311897e-03 3.560830860534124759e-02 2.077151335311572602e-02 2.077151335311572602e-02 0.000000000000000000e+00 0.000000000000000000e+00 0.000000000000000000e+00 0.000000000000000000e+00 0.000000000000000000e+00 2.611275964391691629e-01 1.691394658753709312e-01 0.000000000000000000e+00 3.709198813056379523e-02 7.566765578635015199e-02 8.753709198813056092e-02 9.495548961424332690e-02
4.444444444444444441e-03 3.259259259259258967e-02 2.814814814814814783e-02 0.000000000000000000e+00 0.000000000000000000e+00 3.111111111111111022e-02 0.000000000000000000e+00 0.000000000000000000e+00 0.000000000000000000e+00 1.481481481481481538e-02 3.111111111111111022e-02 1.481481481481481538e-02 4.444444444444444441e-03 0.000000000000000000e+00 0.000000000000000000e+00 0.000000000000000000e+00 0.000000000000000000e+00 0.000000000000000000e+00 0.000000000000000000e+00 7.718518518518519000e-01 0.000000000000000000e+00 4.444444444444444441e-03 2.370370370370370253e-02 4.444444444444444441e-03 3.407407407407407607e-02
