3.803803803803804118e-02 2.202202202202202183e-02 1.401401401401401389e-02 2.402402402402402382e-02 1.201201201201201191e-02 2.002002002002001985e-02 4.104104104104103895e-02 2.802802802802802778e-02 1.071071071071071079e-01 1.201201201201201191e-02 8.608608608608608881e-02 8.508508508508508261e-02 5.405405405405405705e-02 5.605605605605605557e-02 2.802802802802802778e-02 2.002002002002001985e-02 5.605605605605605557e-02 4.704704704704704837e-02 2.002002002002001985e-02 9.009009009009008931e-03 3.703703703703703498e-02 9.709709709709710146e-02 3.503503503503503647e-02 1.901901901901902059e-02 3.203203203203203175e-02
3.203203203203203175e-02 1.901901901901902059e-02 3.503503503503503647e-02 9.709709709709710146e-02 3.703703703703703498e-02 9.009009009009008931e-03 2.002002002002001985e-02 4.704704704704704837e-02 5.605605605605605557e-02 2.002002002002001985e-02 2.802802802802802778e-02 5.605605605605605557e-02 5.405405405405405705e-02 8.508508508508508261e-02 8.608608608608608881e-02 1.201201201201201191e-02 1.071071071071071079e-01 2.802802802802802778e-02 4.104104104104103895e-02 2.002002002002001985e-02 1.201201201201201191e-02 2.402402402402402382e-02 1.401401401401401389e-02 2.202202202202202183e-02 3.803803803803804118e-02
3.978300180831826488e-02 1.084990958408679936e-02 1.265822784810126563e-02 2.169981916817359871e-02 6.329113924050633333e-02 3.616636528028933234e-02 3.435804701627486607e-02 2.622061482820976439e-02 0.000000000000000000e+00 4.159132007233273115e-02 4.159132007233273115e-02 1.265822784810126563e-02 3.074141048824593006e-02 6.871609403254973214e-02 4.882459312839059623e-02 1.084990958408679936e-02 9.132007233273056745e-02 1.139240506329113889e-01 4.882459312839059623e-02 2.802893309222423066e-02 1.256781193490054127e-01 7.233273056057865948e-03 2.802893309222423066e-02 3.254972875226039980e-02 2.441229656419529812e-02
2.441229656419529812e-02 3.254972875226039980e-02 2.802893309222423066e-02 7.233273056057865948e-03 1.256781193490054127e-01 2.802893309222423066e-02 4.882459312839059623e-02 1.139240506329113889e-01 9.132007233273056745e-02 1.084990958408679936e-02 4.882459312839059623e-02 6.871609403254973214e-02 3.074141048824593006e-02 1.265822784810126563e-02 4.159132007233273115e-02 4.159132007233273115e-02 0.000000000000000000e+00 2.622061482820976439e-02 3.435804701627486607e-02 3.616636528028933234e-02 6.329113924050633333e-02 2.169981916817359871e-02 1.265822784810126563e-02 1.084990958408679936e-02 3.978300180831826488e-02
5.096660808435852369e-02 2.724077328646748800e-02 5.360281195079086292e-02 4.130052724077328680e-02 2.811950790861159760e-02 1.845342706502636071e-02 4.217926186291739987e-02 6.239015817223198673e-02 0.000000000000000000e+00 4.217926186291739987e-02 2.811950790861159760e-02 1.845342706502636071e-02 3.602811950790860834e-02 8.435852372583479974e-02 9.666080843585236893e-03 1.405975395430579880e-02 6.151142355008787192e-03 8.435852372583479974e-02 6.942003514938488440e-02 4.481546572934973910e-02 0.000000000000000000e+00 1.256590509666080935e-01 6.590509666080843210e-02 1.142355008787346304e-02 3.514938488576450221e-02
3.514938488576450221e-02 1.142355008787346304e-02 6.590509666080843210e-02 1.256590509666080935e-01 0.000000000000000000e+00 4.481546572934973910e-02 6.942003514938488440e-02 8.435852372583479974e-02 6.151142355008787192e-03 1.405975395430579880e-02 9.666080843585236893e-03 8.435852372583479974e-02 3.602811950790860834e-02 1.845342706502636071e-02 2.811950790861159760e-02 4.217926186291739987e-02 0.000000000000000000e+00 6.239015817223198673e-02 4.217926186291739987e-02 1.845342706502636071e-02 2.811950790861159760e-02 4.130052724077328680e-02 5.360281195079086292e-02 2.724077328646748800e-02 5.096660808435852369e-02
1.751313485113835389e-02 2.626970227670753083e-02 2.977232924693520161e-02 6.479859894921190244e-02 6.129597197898423860e-02 1.751313485113835389e-02 5.604203152364273244e-02 2.977232924693520161e-02 0.000000000000000000e+00 4.115586690017512816e-02 2.364273204903677775e-02 2.802101576182136622e-02 6.654991243432574477e-02 1.401050788091068311e-01 2.977232924693520161e-02 3.765323992994745739e-02 9.719789842381786060e-02 7.005253940455341555e-02 1.576182136602451850e-02 7.180385288966724400e-02 0.000000000000000000e+00 0.000000000000000000e+00 4.115586690017512816e-02 2.364273204903677775e-02 1.050788091068301233e-02
1.050788091068301233e-02 2.364273204903677775e-02 4.115586690017512816e-02 0.000000000000000000e+00 0.000000000000000000e+00 7.180385288966724400e-02 1.576182136602451850e-02 7.005253940455341555e-02 9.719789842381786060e-02 3.765323992994745739e-02 2.977232924693520161e-02 1.401050788091068311e-01 6.654991243432574477e-02 2.802101576182136622e-02 2.364273204903677775e-02 4.115586690017512816e-02 0.000000000000000000e+00 2.977232924693520161e-02 5.604203152364273244e-02 1.751313485113835389e-02 6.129597197898423860e-02 6.479859894921190244e-02 2.977232924693520161e-02 2.626970227670753083e-02 1.751313485113835389e-02
5.090595340811043812e-02 7.075064710957722214e-02 2.933563416738567756e-02 3.192407247627265104e-02 1.553062985332182878e-02 3.192407247627265104e-02 4.314063848144952633e-03 3.710094909404659108e-02 0.000000000000000000e+00 9.490940465918895272e-03 7.075064710957722214e-02 6.557377049180328210e-02 2.234685073339085504e-01 0.000000000000000000e+00 3.968938740293356110e-02 3.451251078515962106e-02 1.898188093183779124e-01 1.553062985332182878e-02 4.314063848144952633e-03 1.984469370146678055e-02 0.000000000000000000e+00 0.000000000000000000e+00 7.765314926660914392e-03 2.588438308886971406e-02 2.157031924072476403e-02
4.372019077901431044e-02 3.259141494435612019e-02 6.120826709062002907e-02 9.777424483306836056e-02 2.305246422893481723e-02 2.305246422893481723e-02 3.497615262321144419e-02 2.305246422893481723e-02 0.000000000000000000e+00 5.087440381558028940e-02 7.551669316375199392e-02 3.497615262321144419e-02 0.000000000000000000e+00 0.000000000000000000e+00 7.392686804451510663e-02 2.543720190779014470e-02 9.538950715421304349e-02 8.744038155802862089e-02 3.259141494435612019e-02 3.736089030206677514e-02 0.000000000000000000e+00 0.000000000000000000e+00 3.259141494435612019e-02 5.723370429252782471e-02 5.723370429252782471e-02
5.723370429252782471e-02 5.723370429252782471e-02 3.259141494435612019e-02 0.000000000000000000e+00 0.000000000000000000e+00 3.736089030206677514e-02 3.259141494435612019e-02 8.744038155802862089e-02 9.538950715421304349e-02 2.543720190779014470e-02 7.392686804451510663e-02 0.000000000000000000e+00 0.000000000000000000e+00 3.497615262321144419e-02 7.551669316375199392e-02 5.087440381558028940e-02 0.000000000000000000e+00 2.305246422893481723e-02 3.497615262321144419e-02 2.305246422893481723e-02 2.305246422893481723e-02 9.777424483306836056e-02 6.120826709062002907e-02 3.259141494435612019e-02 4.372019077901431044e-02
2.049910873440285303e-02 1.960784313725490169e-02 3.119429590017825174e-02 0.000000000000000000e+00 2.771836007130124568e-01 4.010695187165775472e-02 6.506238859180035750e-02 4.099821746880570605e-02 0.000000000000000000e+00 3.030303030303030387e-02 1.871657754010695035e-02 4.545454545454545581e-02 0.000000000000000000e+00 0.000000000000000000e+00 2.049910873440285303e-02 3.386809269162210229e-02 1.452762923351158530e-01 5.793226381461675373e-02 9.803921568627450844e-03 8.021390374331551637e-03 0.000000000000000000e+00 0.000000000000000000e+00 6.506238859180035750e-02 3.030303030303030387e-02 4.010695187165775472e-02
5.725190839694656308e-02 3.511450381679389471e-02 3.129770992366412430e-02 0.000000000000000000e+00 0.000000000000000000e+00 3.129770992366412430e-02 2.748091603053435042e-02 5.114503816793893043e-02 0.000000000000000000e+00 6.335877862595419574e-02 3.816793893129771104e-02 5.114503816793893043e-02 0.000000000000000000e+00 0.000000000000000000e+00 7.480916030534351391e-02 3.816793893129771104e-02 1.236641221374045752e-01 1.160305343511450343e-01 3.511450381679389471e-02 6.335877862595419574e-02 0.000000000000000000e+00 0.000000000000000000e+00 4.809160305343511410e-02 6.335877862595419574e-02 5.114503816793893043e-02
5.114503816793893043e-02 6.335877862595419574e-02 4.809160305343511410e-02 0.000000000000000000e+00 0.000000000000000000e+00 6.335877862595419574e-02 3.511450381679389471e-02 1.160305343511450343e-01 1.236641221374045752e-01 3.816793893129771104e-02 7.480916030534351391e-02 0.000000000000000000e+00 0.000000000000000000e+00 5.114503816793893043e-02 3.816793893129771104e-02 6.335877862595419574e-02 0.000000000000000000e+00 5.114503816793893043e-02 2.748091603053435042e-02 3.129770992366412430e-02 0.000000000000000000e+00 0.000000000000000000e+00 3.129770992366412430e-02 3.511450381679389471e-02 5.725190839694656308e-02
5.167958656330749571e-03 2.583979328165374786e-03 9.474590869939706825e-03 0.000000000000000000e+00 0.000000000000000000e+00 1.636520241171404016e-02 1.636520241171404016e-02 1.464254952627045726e-02 0.000000000000000000e+00 1.378122308354866495e-02 1.205857019810508204e-02 1.119724375538328973e-02 0.000000000000000000e+00 0.000000000000000000e+00 1.033591731266149914e-02 1.550387596899224785e-02 0.000000000000000000e+00 8.105081826012058288e-01 1.636520241171404016e-02 6.890611541774332473e-03 0.000000000000000000e+00 0.000000000000000000e+00 7.751937984496123923e-03 1.636520241171404016e-02 1.464254952627045726e-02
8.108108108108108558e-02 1.401401401401401389e-02 1.401401401401401389e-02 1.901901901901902059e-02 9.809809809809809378e-02 1.401401401401401389e-02 3.303303303303303101e-02 2.402402402402402382e-02 6.306306306306305731e-02 3.103103103103103250e-02 1.401401401401401389e-02 1.701701701701701860e-02 3.803803803803804118e-02 5.505505505505505631e-02 6.206206206206206499e-02 2.202202202202202183e-02 1.601601601601601588e-02 1.011011011011010985e-01 4.604604604604604912e-02 3.303303303303303101e-02 4.804804804804804763e-02 3.403403403403403721e-02 5.105105105105105234e-02 2.702702702702702853e-02 4.404404404404404366e-02
4.404404404404404366e-02 2.702702702702702853e-02 5.105105105105105234e-02 3.403403403403403721e-02 4.804804804804804763e-02 3.303303303303303101e-02 4.604604604604604912e-02 1.011011011011010985e-01 1.601601601601601588e-02 2.202202202202202183e-02 6.206206206206206499e-02 5.505505505505505631e-02 3.803803803803804118e-02 1.701701701701701860e-02 1.401401401401401389e-02 3.103103103103103250e-02 6.306306306306305731e-02 2.402402402402402382e-02 3.303303303303303101e-02 1.401401401401401389e-02 9.809809809809809378e-02 1.901901901901902059e-02 1.401401401401401389e-02 1.401401401401401389e-02 8.108108108108108558e-02
2.000000000000000042e-02 9.818181818181817566e-02 1.818181818181818094e-02 6.545454545454545969e-02 1.045454545454545386e-01 3.181818181818181490e-02 2.000000000000000042e-02 6.363636363636363848e-03 1.090909090909090856e-01 4.181818181818181684e-02 1.818181818181818094e-02 2.727272727272727140e-02 8.363636363636363369e-02 4.181818181818181684e-02 4.363636363636363980e-02 6.363636363636363848e-03 2.636363636363636340e-02 0.000000000000000000e+00 3.363636363636363785e-02 6.363636363636363848e-03 7.545454545454545470e-02 3.363636363636363785e-02 2.999999999999999889e-02 1.818181818181818094e-02 4.000000000000000083e-02
4.000000000000000083e-02 1.818181818181818094e-02 2.999999999999999889e-02 3.363636363636363785e-02 7.545454545454545470e-02 6.363636363636363848e-03 3.363636363636363785e-02 0.000000000000000000e+00 2.636363636363636340e-02 6.363636363636363848e-03 4.363636363636363980e-02 4.181818181818181684e-02 8.363636363636363369e-02 2.727272727272727140e-02 1.818181818181818094e-02 4.181818181818181684e-02 1.090909090909090856e-01 6.363636363636363848e-03 2.000000000000000042e-02 3.181818181818181490e-02 1.045454545454545386e-01 6.545454545454545969e-02 1.818181818181818094e-02 9.818181818181817566e-02 2.000000000000000042e-02
2.591599642537980447e-02 3.574620196604110650e-02 2.770330652368185875e-02 1.697944593386952611e-02 1.117068811438784587e-01 3.753351206434316079e-02 2.770330652368185875e-02 5.540661304736371751e-02 0.000000000000000000e+00 3.485254691689008283e-02 1.519213583556747009e-02 7.059874888293118933e-02 1.528150134048257280e-01 4.468275245755138486e-02 1.251117068811438866e-02 3.038427167113494018e-02 9.025915996425379340e-02 0.000000000000000000e+00 4.289544235924933058e-02 1.519213583556747009e-02 2.323503127792671957e-02 4.736371760500446976e-02 4.200178731009829997e-02 8.936550491510276625e-03 3.038427167113494018e-02
2.222222222222222307e-02 1.709401709401709574e-02 5.982905982905983161e-02 6.239316239316239354e-02 4.529914529914529780e-02 1.282051282051282007e-02 4.529914529914529780e-02 3.606837606837606791e-01 0.000000000000000000e+00 2.222222222222222307e-02 1.538461538461538547e-02 2.051282051282051280e-02 0.000000000000000000e+00 1.538461538461538547e-02 5.982905982905983334e-03 5.982905982905983334e-03 4.102564102564102561e-02 0.000000000000000000e+00 2.222222222222222307e-02 2.222222222222222307e-02 2.735042735042735040e-02 9.829059829059828834e-02 5.213675213675213888e-02 1.282051282051282007e-02 1.282051282051282007e-02
1.282051282051282007e-02 1.282051282051282007e-02 5.213675213675213888e-02 9.829059829059828834e-02 2.735042735042735040e-02 2.222222222222222307e-02 2.222222222222222307e-02 0.000000000000000000e+00 4.102564102564102561e-02 5.982905982905983334e-03 5.982905982905983334e-03 1.538461538461538547e-02 0.000000000000000000e+00 2.051282051282051280e-02 1.538461538461538547e-02 2.222222222222222307e-02 0.000000000000000000e+00 3.606837606837606791e-01 4.529914529914529780e-02 1.282051282051282007e-02 4.529914529914529780e-02 6.239316239316239354e-02 5.982905982905983161e-02 1.709401709401709574e-02 2.222222222222222307e-02
1.477832512315270866e-02 3.237156931738212340e-02 4.574243490499647902e-02 1.337086558761435562e-02 8.233638282899366501e-02 2.814919071076706428e-02 8.655876143560872760e-02 0.000000000000000000e+00 0.000000000000000000e+00 3.659394792399718599e-02 6.403940886699507895e-02 2.427867698803659324e-01 0.000000000000000000e+00 1.477832512315270866e-02 5.770584095707248506e-02 7.389162561576355370e-02 1.125967628430682606e-02 0.000000000000000000e+00 4.926108374384236682e-02 2.111189303307529908e-02 2.392681210415200516e-02 3.237156931738212340e-02 9.852216748768473017e-03 3.659394792399718599e-02 2.251935256861365212e-02
2.251935256861365212e-02 3.659394792399718599e-02 9.852216748768473017e-03 3.237156931738212340e-02 2.392681210415200516e-02 2.111189303307529908e-02 4.926108374384236682e-02 0.000000000000000000e+00 1.125967628430682606e-02 7.389162561576355370e-02 5.770584095707248506e-02 1.477832512315270866e-02 0.000000000000000000e+00 2.427867698803659324e-01 6.403940886699507895e-02 3.659394792399718599e-02 0.000000000000000000e+00 0.000000000000000000e+00 8.655876143560872760e-02 2.814919071076706428e-02 8.233638282899366501e-02 1.337086558761435562e-02 4.574243490499647902e-02 3.237156931738212340e-02 1.477832512315270866e-02
4.464285714285714038e-03 3.794642857142856845e-02 4.389880952380952051e-02 2.604166666666666782e-02 1.413690476190476199e-02 4.315476190476190410e-02 5.342261904761904656e-01 0.000000000000000000e+00 0.000000000000000000e+00 3.348214285714285615e-02 1.264880952380952397e-02 0.000000000000000000e+00 0.000000000000000000e+00 2.232142857142857192e-02 1.562500000000000000e-02 3.720238095238095205e-02 2.306547619047619180e-02 0.000000000000000000e+00 1.785714285714285615e-02 1.934523809523809590e-02 5.952380952380952051e-03 3.720238095238095205e-02 3.943452380952380820e-02 1.785714285714285615e-02 1.413690476190476199e-02
2.038439138031450035e-02 7.105416423995340736e-02 1.397786837507280187e-02 5.183459522422830673e-02 6.406523005241700208e-02 1.298776936517181124e-01 0.000000000000000000e+00 0.000000000000000000e+00 0.000000000000000000e+00 1.094933022714036086e-01 1.065812463599301041e-01 0.000000000000000000e+00 0.000000000000000000e+00 7.105416423995340736e-02 5.707629586488060375e-02 4.601048340128130465e-02 2.853814793244030187e-02 0.000000000000000000e+00 3.727431566686080500e-02 6.697728596389050659e-02 2.562609202096680083e-02 2.038439138031450035e-02 5.591147350029120749e-02 1.397786837507280187e-02 9.900990099009901110e-03
2.782324058919803667e-02 3.600654664484451845e-02 9.001636661211129611e-03 1.554828150572831399e-02 2.945990180032733233e-02 0.000000000000000000e+00 0.000000000000000000e+00 0.000000000000000000e+00 0.000000000000000000e+00 3.273322422258592625e-03 6.121112929623567789e-01 0.000000000000000000e+00 0.000000000000000000e+00 6.546644844517185251e-03 5.810147299509001856e-02 9.001636661211129611e-03 9.001636661211129611e-03 0.000000000000000000e+00 3.027823240589198189e-02 2.536824877250409144e-02 2.536824877250409144e-02 1.718494271685760966e-02 2.945990180032733233e-02 3.027823240589198189e-02 2.618657937806874100e-02
3.091013165426445206e-02 5.208929593589009532e-02 3.319977103606182312e-02 5.495134516313680828e-02 1.099026903262736166e-01 0.000000000000000000e+00 0.000000000000000000e+00 0.000000000000000000e+00 0.000000000000000000e+00 1.322266742987979471e-01 0.000000000000000000e+00 0.000000000000000000e+00 0.000000000000000000e+00 7.956496851745850640e-02 7.956496851745850640e-02 2.690326273611906224e-02 5.495134516313680828e-02 0.000000000000000000e+00 6.239267315397824948e-02 2.976531196336576826e-02 2.690326273611906224e-02 6.754436176302232309e-02 6.010303377218088189e-02 6.010303377218088189e-02 3.892386949055523515e-02
2.439024390243902437e-03 2.926829268292683098e-02 1.138211382113821224e-02 8.943089430894309369e-03 7.365853658536585247e-01 0.000000000000000000e+00 0.000000000000000000e+00 0.000000000000000000e+00 0.000000000000000000e+00 0.000000000000000000e+00 0.000000000000000000e+00 0.000000000000000000e+00 0.000000000000000000e+00 3.495934959349593363e-02 2.032520325203251987e-02 4.065040650406504495e-03 1.951219512195121950e-02 0.000000000000000000e+00 1.382113821138211338e-02 3.495934959349593363e-02 2.113821138211382025e-02 1.951219512195121950e-02 2.601626016260162599e-02 9.756097560975609748e-03 7.317073170731707744e-03
1.401401401401401389e-02 5.705705705705705483e-02 1.001001001001000992e-02 3.203203203203203175e-02 3.803803803803804118e-02 9.209209209209209823e-02 3.203203203203203175e-02 2.802802802802802778e-02 1.281281281281281270e-01 2.502502502502502654e-02 5.305305305305305086e-02 6.106106106106105880e-02 4.404404404404404366e-02 5.205205205205205160e-02 4.504504504504504292e-02 2.602602602602602580e-02 2.302302302302302456e-02 1.701701701701701860e-02 1.401401401401401389e-02 5.305305305305305086e-02 4.604604604604604912e-02 3.203203203203203175e-02 2.802802802802802778e-02 1.701701701701701860e-02 3.203203203203203175e-02
7.098491570541260245e-03 1.419698314108252049e-02 8.695652173913043237e-02 9.316770186335403270e-02 1.330967169476486300e-01 2.307009760425909536e-02 5.678793256433008196e-02 1.419698314108252049e-02 0.000000000000000000e+00 2.661934338952972462e-02 3.194321206743566677e-02 2.661934338952972462e-02 2.661934338952972462e-02 6.654835847382431502e-02 1.419698314108252049e-02 3.992901508429459040e-02 2.040816326530612082e-02 5.678793256433008196e-02 3.992901508429459040e-02 1.419698314108252049e-02 5.501330967169476560e-02 4.968944099378881651e-02 5.146406388642413288e-02 3.726708074534161586e-02 1.419698314108252049e-02
1.131418624891209791e-02 3.220191470844212256e-02 1.131418624891209791e-02 2.689295039164490975e-01 0.000000000000000000e+00 2.175805047867710937e-02 2.959094865100087013e-02 7.832898172323759026e-03 0.000000000000000000e+00 7.832898172323760067e-02 9.573542210617928469e-03 6.092254134029591317e-03 6.701479547432549755e-02 2.959094865100087013e-02 2.697998259355961770e-02 5.831157528285465380e-02 3.655352480417754790e-02 4.003481288076588679e-02 7.919930374238468018e-02 1.131418624891209791e-02 4.351610095735421874e-02 3.133159268929503610e-02 2.001740644038294339e-02 4.960835509138381005e-02 2.959094865100087013e-02
2.959094865100087013e-02 4.960835509138381005e-02 2.001740644038294339e-02 3.133159268929503610e-02 4.351610095735421874e-02 1.131418624891209791e-02 7.919930374238468018e-02 4.003481288076588679e-02 3.655352480417754790e-02 5.831157528285465380e-02 2.697998259355961770e-02 2.959094865100087013e-02 6.701479547432549755e-02 6.092254134029591317e-03 9.573542210617928469e-03 7.832898172323760067e-02 0.000000000000000000e+00 7.832898172323759026e-03 2.959094865100087013e-02 2.175805047867710937e-02 0.000000000000000000e+00 2.689295039164490975e-01 1.131418624891209791e-02 3.220191470844212256e-02 1.131418624891209791e-02
4.663608562691131526e-02 3.669724770642202039e-02 1.834862385321101019e-02 0.000000000000000000e+00 0.000000000000000000e+00 2.370030581039755252e-02 3.211009174311926784e-02 5.428134556574923386e-02 0.000000000000000000e+00 2.599388379204892879e-02 4.281345565749235249e-02 1.230886850152905221e-01 3.822629969418959994e-02 7.415902140672782361e-02 2.064220183486238647e-02 7.186544342507644734e-02 2.981651376146789156e-02 4.434250764525993899e-02 4.434250764525993899e-02 2.064220183486238647e-02 1.085626911314984677e-01 7.568807339449541705e-02 1.834862385321101019e-02 2.370030581039755252e-02 2.599388379204892879e-02
2.599388379204892879e-02 2.370030581039755252e-02 1.834862385321101019e-02 7.568807339449541705e-02 1.085626911314984677e-01 2.064220183486238647e-02 4.434250764525993899e-02 4.434250764525993899e-02 2.981651376146789156e-02 7.186544342507644734e-02 2.064220183486238647e-02 7.415902140672782361e-02 3.822629969418959994e-02 1.230886850152905221e-01 4.281345565749235249e-02 2.599388379204892879e-02 0.000000000000000000e+00 5.428134556574923386e-02 3.211009174311926784e-02 2.370030581039755252e-02 0.000000000000000000e+00 0.000000000000000000e+00 1.834862385321101019e-02 3.669724770642202039e-02 4.663608562691131526e-02
3.965517241379310637e-02 2.241379310344827555e-02 3.534482758620689780e-02 0.000000000000000000e+00 0.000000000000000000e+00 1.551724137931034461e-02 1.982758620689655318e-02 1.379310344827586188e-02 0.000000000000000000e+00 2.844827586206896686e-02 1.293103448275862051e-02 0.000000000000000000e+00 1.844827586206896630e-01 9.827586206896551935e-02 3.103448275862068922e-02 2.241379310344827555e-02 4.137931034482758563e-02 6.465517241379310776e-02 8.534482758620690057e-02 1.637931034482758771e-02 5.689655172413793371e-02 1.551724137931034531e-01 2.844827586206896686e-02 1.379310344827586188e-02 1.379310344827586188e-02
2.720527617477329005e-02 3.050288540807914381e-02 2.390766694146743629e-02 0.000000000000000000e+00 0.000000000000000000e+00 2.061005770816158253e-02 4.286892003297609194e-02 4.286892003297609194e-02 0.000000000000000000e+00 2.720527617477329005e-02 4.286892003297609194e-02 0.000000000000000000e+00 0.000000000000000000e+00 4.286892003297609194e-02 3.709810387469084786e-02 4.039571310799670162e-02 1.121187139323990140e-01 1.986809563066776474e-01 6.595218466611706132e-02 3.050288540807914381e-02 2.720527617477329005e-02 7.914262159934047636e-02 3.380049464138499410e-02 3.380049464138499410e-02 4.039571310799670162e-02
4.039571310799670162e-02 3.380049464138499410e-02 3.380049464138499410e-02 7.914262159934047636e-02 2.720527617477329005e-02 3.050288540807914381e-02 6.595218466611706132e-02 1.986809563066776474e-01 1.121187139323990140e-01 4.039571310799670162e-02 3.709810387469084786e-02 4.286892003297609194e-02 0.000000000000000000e+00 0.000000000000000000e+00 4.286892003297609194e-02 2.720527617477329005e-02 0.000000000000000000e+00 4.286892003297609194e-02 4.286892003297609194e-02 2.061005770816158253e-02 0.000000000000000000e+00 0.000000000000000000e+00 2.390766694146743629e-02 3.050288540807914381e-02 2.720527617477329005e-02
1.935483870967742021e-02 1.612903225806451568e-02 2.661290322580645018e-02 0.000000000000000000e+00 0.000000000000000000e+00 2.983870967741935470e-02 2.419354838709677526e-03 2.338709677419354913e-02 0.000000000000000000e+00 1.774193548387096794e-02 3.145161290322580350e-02 0.000000000000000000e+00 0.000000000000000000e+00 3.306451612903225923e-02 5.806451612903226062e-02 2.419354838709677526e-03 4.580645161290322620e-01 0.000000000000000000e+00 2.016129032258064460e-02 3.387096774193548709e-02 2.580645161290322578e-02 6.451612903225806273e-02 2.338709677419354913e-02 6.209677419354838607e-02 5.161290322580645157e-02
2.169751116783662920e-02 3.956604977664326950e-02 3.318442884492660977e-02 0.000000000000000000e+00 0.000000000000000000e+00 3.637523931078493616e-02 4.275686024250159589e-02 3.956604977664326950e-02 0.000000000000000000e+00 4.275686024250159589e-02 3.637523931078493616e-02 0.000000000000000000e+00 0.000000000000000000e+00 5.169112954690491257e-02 6.062539885130822925e-02 4.913848117421824868e-02 0.000000000000000000e+00 0.000000000000000000e+00 6.892150606253988343e-02 4.594767070835992229e-02 1.416719846841097696e-01 1.346522016592214543e-01 3.956604977664326950e-02 4.913848117421824868e-02 6.636885768985321954e-02
1.474201474201474252e-02 2.784602784602784736e-02 1.965601965601965553e-02 0.000000000000000000e+00 0.000000000000000000e+00 1.474201474201474252e-02 1.638001638001638019e-02 2.375102375102374971e-02 0.000000000000000000e+00 3.357903357903357922e-02 1.638001638001638019e-02 0.000000000000000000e+00 0.000000000000000000e+00 2.293202293202293088e-02 2.620802620802620969e-02 1.719901719901719903e-02 0.000000000000000000e+00 0.000000000000000000e+00 4.340704340704340525e-02 2.211302211302211204e-02 0.000000000000000000e+00 6.076986076986077290e-01 2.457002457002456855e-02 4.668304668304668059e-02 2.211302211302211204e-02
2.211302211302211204e-02 4.668304668304668059e-02 2.457002457002456855e-02 6.076986076986077290e-01 0.000000000000000000e+00 2.211302211302211204e-02 4.340704340704340525e-02 0.000000000000000000e+00 0.000000000000000000e+00 1.719901719901719903e-02 2.620802620802620969e-02 2.293202293202293088e-02 0.000000000000000000e+00 0.000000000000000000e+00 1.638001638001638019e-02 3.357903357903357922e-02 0.000000000000000000e+00 2.375102375102374971e-02 1.638001638001638019e-02 1.474201474201474252e-02 0.000000000000000000e+00 0.000000000000000000e+00 1.965601965601965553e-02 2.784602784602784736e-02 1.474201474201474252e-02
1.901901901901902059e-02 4.104104104104103895e-02 8.608608608608608881e-02 2.902902902902903051e-02 2.402402402402402382e-02 4.704704704704704837e-02 4.004004004004003969e-03 2.102102102102102257e-02 5.405405405405405705e-02 5.205205205205205160e-02 6.106106106106105880e-02 1.201201201201201191e-01 7.007007007007007293e-02 7.707707707707707467e-02 4.104104104104103895e-02 3.903903903903904044e-02 2.402402402402402382e-02 4.004004004004003969e-03 2.602602602602602580e-02 1.901901901901902059e-02 8.408408408408409029e-02 1.601601601601601588e-02 1.401401401401401389e-02 4.004004004004003969e-03 2.302302302302302456e-02
1.251117068811438866e-02 2.144772117962466529e-02 4.200178731009829997e-02 8.132260947274351504e-02 9.562109025915996319e-02 2.502234137622877733e-02 4.557640750670241547e-02 1.876675603217158039e-02 7.238605898123325055e-02 2.859696157283288590e-02 2.144772117962466529e-02 0.000000000000000000e+00 4.021447721179624568e-02 2.859696157283288590e-02 2.502234137622877733e-02 1.170688114387846285e-01 5.272564789991063261e-02 3.038427167113494018e-02 2.680965147453083161e-02 5.272564789991063261e-02 1.251117068811438866e-02 4.736371760500446976e-02 4.200178731009829997e-02 2.323503127792671957e-02 3.663985701519213711e-02
2.477876106194690231e-02 3.097345132743362789e-02 2.566371681415929168e-02 2.477876106194690231e-02 5.929203539823008767e-02 4.955752212389380462e-02 1.238938053097345116e-02 2.035398230088495547e-02 3.274336283185840663e-02 2.566371681415929168e-02 5.044247787610619399e-02 0.000000000000000000e+00 8.938053097345133313e-02 5.575221238938053020e-02 2.035398230088495547e-02 0.000000000000000000e+00 2.150442477876106095e-01 7.964601769911504314e-02 8.849557522123893682e-03 2.566371681415929168e-02 5.575221238938053020e-02 1.681415929203539800e-02 6.194690265486725578e-03 5.221238938053097273e-02 1.769911504424778736e-02
2.415458937198067604e-02 9.259259259259258745e-02 6.924315619967794100e-02 2.657004830917874399e-02 5.877616747181964307e-02 2.657004830917874399e-02 2.898550724637681195e-02 1.078904991948470143e-01 5.233494363929146881e-02 2.657004830917874399e-02 4.428341384863124230e-02 0.000000000000000000e+00 4.186795491143317088e-02 4.025764895330112558e-02 3.140096618357487990e-02 0.000000000000000000e+00 0.000000000000000000e+00 2.657004830917874399e-02 3.542673107890498968e-02 3.140096618357487990e-02 2.415458937198067604e-02 1.054750402576489499e-01 3.542673107890498968e-02 4.830917874396135209e-02 2.173913043478260809e-02
2.173913043478260809e-02 4.830917874396135209e-02 3.542673107890498968e-02 1.054750402576489499e-01 2.415458937198067604e-02 3.140096618357487990e-02 3.542673107890498968e-02 2.657004830917874399e-02 0.000000000000000000e+00 0.000000000000000000e+00 3.140096618357487990e-02 4.025764895330112558e-02 4.186795491143317088e-02 0.000000000000000000e+00 4.428341384863124230e-02 2.657004830917874399e-02 5.233494363929146881e-02 1.078904991948470143e-01 2.898550724637681195e-02 2.657004830917874399e-02 5.877616747181964307e-02 2.657004830917874399e-02 6.924315619967794100e-02 9.259259259259258745e-02 2.415458937198067604e-02
3.089143865842895048e-02 4.324801412180052929e-02 4.942630185348632216e-02 5.736981465136804792e-02 5.913503971756398775e-02 4.942630185348632216e-02 3.009708737864077444e-01 0.000000000000000000e+00 2.736098852603707082e-02 1.235657546337158054e-02 4.501323918799646912e-02 0.000000000000000000e+00 2.206531332744925133e-02 8.649602824360105857e-02 2.824360105913504074e-02 0.000000000000000000e+00 0.000000000000000000e+00 2.471315092674316108e-02 5.030891438658428860e-02 2.647837599293910178e-03 5.560458958517210809e-02 7.943512797881729232e-03 1.323918799646955045e-02 9.708737864077669061e-03 2.383053839364519116e-02
2.383053839364519116e-02 9.708737864077669061e-03 1.323918799646955045e-02 7.943512797881729232e-03 5.560458958517210809e-02 2.647837599293910178e-03 5.030891438658428860e-02 2.471315092674316108e-02 0.000000000000000000e+00 0.000000000000000000e+00 2.824360105913504074e-02 8.649602824360105857e-02 2.206531332744925133e-02 0.000000000000000000e+00 4.501323918799646912e-02 1.235657546337158054e-02 2.736098852603707082e-02 0.000000000000000000e+00 3.009708737864077444e-01 4.942630185348632216e-02 5.913503971756398775e-02 5.736981465136804792e-02 4.942630185348632216e-02 4.324801412180052929e-02 3.089143865842895048e-02
4.552238805970149071e-02 2.910447761194029717e-02 5.597014925373134525e-02 6.492537313432836243e-02 4.850746268656716542e-02 5.149253731343283319e-02 0.000000000000000000e+00 0.000000000000000000e+00 5.597014925373134525e-02 3.805970149253731089e-02 3.507462686567164312e-02 0.000000000000000000e+00 3.805970149253731089e-02 3.507462686567164312e-02 2.910447761194029717e-02 0.000000000000000000e+00 0.000000000000000000e+00 6.865671641791044888e-02 6.343283582089552508e-02 3.208955223880596841e-02 3.805970149253731089e-02 1.888059701492537379e-01 1.567164179104477487e-02 2.611940298507462593e-02 4.029850746268656692e-02
1.837060702875399285e-02 9.504792332268370558e-02 2.715654952076677203e-02 2.156549520766773073e-02 3.434504792332268575e-02 2.396166134185303415e-02 0.000000000000000000e+00 0.000000000000000000e+00 2.875399361022364098e-02 2.156549520766773073e-02 4.392971246006389940e-02 0.000000000000000000e+00 1.118210862619808260e-02 1.118210862619808260e-02 2.635782747603833756e-02 0.000000000000000000e+00 0.000000000000000000e+00 4.632587859424919935e-02 3.194888178913737886e-02 4.233226837060703046e-02 4.472843450479233041e-01 0.000000000000000000e+00 1.517571884984025496e-02 3.833865814696485463e-02 1.517571884984025496e-02
1.517571884984025496e-02 3.833865814696485463e-02 1.517571884984025496e-02 0.000000000000000000e+00 4.472843450479233041e-01 4.233226837060703046e-02 3.194888178913737886e-02 4.632587859424919935e-02 0.000000000000000000e+00 0.000000000000000000e+00 2.635782747603833756e-02 1.118210862619808260e-02 1.118210862619808260e-02 0.000000000000000000e+00 4.392971246006389940e-02 2.156549520766773073e-02 2.875399361022364098e-02 0.000000000000000000e+00 0.000000000000000000e+00 2.396166134185303415e-02 3.434504792332268575e-02 2.156549520766773073e-02 2.715654952076677203e-02 9.504792332268370558e-02 1.837060702875399285e-02
2.950609364977549789e-02 8.595253367543297107e-02 8.851828094932649715e-02 4.490057729313662316e-02 8.531109685695958955e-02 6.093649775497113341e-02 0.000000000000000000e+00 0.000000000000000000e+00 6.093649775497113341e-02 5.131494547787043142e-02 3.720333547145605879e-02 0.000000000000000000e+00 5.452212957023733209e-02 4.490057729313662316e-02 6.093649775497113341e-02 0.000000000000000000e+00 0.000000000000000000e+00 3.335471456061577661e-02 4.105195638229634097e-02 5.772931366260423275e-02 0.000000000000000000e+00 0.000000000000000000e+00 6.414368184733804101e-02 4.105195638229634097e-02 5.772931366260423275e-02
9.674582233948988974e-02 1.926121372031662227e-01 0.000000000000000000e+00 5.013192612137203075e-02 5.101143359718557369e-02 8.267370272647317497e-02 0.000000000000000000e+00 0.000000000000000000e+00 3.078276165347405488e-02 3.430079155672823010e-02 1.934916446789797587e-02 0.000000000000000000e+00 6.684256816182937433e-02 8.707124010554090354e-02 3.342128408091468716e-02 0.000000000000000000e+00 0.000000000000000000e+00 5.277044854881266650e-02 1.231310466138962195e-02 1.934916446789797587e-02 0.000000000000000000e+00 0.000000000000000000e+00 3.166226912928760129e-02 7.299912049252418877e-02 6.596306068601583139e-02
6.596306068601583139e-02 7.299912049252418877e-02 3.166226912928760129e-02 0.000000000000000000e+00 0.000000000000000000e+00 1.934916446789797587e-02 1.231310466138962195e-02 5.277044854881266650e-02 0.000000000000000000e+00 0.000000000000000000e+00 3.342128408091468716e-02 8.707124010554090354e-02 6.684256816182937433e-02 0.000000000000000000e+00 1.934916446789797587e-02 3.430079155672823010e-02 3.078276165347405488e-02 0.000000000000000000e+00 0.000000000000000000e+00 8.267370272647317497e-02 5.101143359718557369e-02 5.013192612137203075e-02 0.000000000000000000e+00 1.926121372031662227e-01 9.674582233948988974e-02
2.902902902902903051e-02 5.205205205205205160e-02 5.905905905905906028e-02 3.803803803803804118e-02 2.102102102102102257e-02 1.101101101101101092e-02 3.503503503503503647e-02 4.004004004004003969e-03 9.009009009009008584e-02 3.203203203203203175e-02 7.107107107107106525e-02 5.305305305305305086e-02 5.105105105105105234e-02 1.801801801801801786e-02 5.105105105105105234e-02 8.208208208208207790e-02 6.406406406406406351e-02 2.402402402402402382e-02 6.206206206206206499e-02 2.402402402402402382e-02 1.801801801801801786e-02 1.901901901901902059e-02 3.203203203203203175e-02 3.503503503503503647e-02 2.402402402402402382e-02
3.397612488521579294e-02 2.938475665748392987e-02 1.744719926538108520e-02 9.550045913682277121e-02 1.744719926538108520e-02 2.203856749311294827e-02 1.744719926538108520e-02 2.387511478420569280e-02 0.000000000000000000e+00 1.744719926538108520e-02 1.928374655647382974e-02 3.397612488521579294e-02 6.244260789715334881e-02 1.239669421487603340e-01 6.060606060606060774e-02 3.122130394857667440e-02 5.876951331496785974e-02 8.172635445362717854e-02 3.764921946740128894e-02 2.754820936639118534e-02 7.529843893480257788e-02 2.203856749311294827e-02 2.938475665748392987e-02 3.581267217630854094e-02 2.571166207529843734e-02
2.571166207529843734e-02 3.581267217630854094e-02 2.938475665748392987e-02 2.203856749311294827e-02 7.529843893480257788e-02 2.754820936639118534e-02 3.764921946740128894e-02 8.172635445362717854e-02 5.876951331496785974e-02 3.122130394857667440e-02 6.060606060606060774e-02 1.239669421487603340e-01 6.244260789715334881e-02 3.397612488521579294e-02 1.928374655647382974e-02 1.744719926538108520e-02 0.000000000000000000e+00 2.387511478420569280e-02 1.744719926538108520e-02 2.203856749311294827e-02 1.744719926538108520e-02 9.550045913682277121e-02 1.744719926538108520e-02 2.938475665748392987e-02 3.397612488521579294e-02
3.791887125220458343e-02 1.675485008818342059e-02 1.851851851851851749e-02 4.409171075837742260e-02 3.880070546737213188e-02 2.733686067019400201e-02 2.557319223985890511e-02 2.292768959435625975e-02 0.000000000000000000e+00 6.525573192239858544e-02 3.615520282186948653e-02 7.495590828924161841e-02 3.086419753086419582e-02 0.000000000000000000e+00 6.349206349206348854e-02 4.320987654320987414e-02 1.313932980599647193e-01 2.821869488536155046e-02 2.380952380952380820e-02 1.146384479717812988e-02 1.305114638447971709e-01 1.499118165784832368e-02 3.086419753086419582e-02 4.144620811287477724e-02 4.144620811287477724e-02
4.790940766550522839e-02 1.655052264808362303e-02 2.874564459930313565e-02 1.341463414634146423e-01 4.965156794425087255e-02 2.874564459930313565e-02 2.090592334494773691e-02 6.010452961672473754e-02 0.000000000000000000e+00 4.616724738675958423e-02 2.439024390243902524e-02 1.149825783972125426e-01 1.480836236933797886e-02 0.000000000000000000e+00 6.968641114982578391e-03 3.745644599303135647e-02 0.000000000000000000e+00 4.965156794425087255e-02 4.094076655052264480e-02 4.790940766550522839e-02 1.245644599303135924e-01 5.313588850174216088e-02 3.571428571428571230e-02 6.968641114982578391e-03 9.581881533101044637e-03
6.678230702515178252e-02 5.377276669557675554e-02 1.821335646140502876e-02 0.000000000000000000e+00 1.110147441457068479e-01 2.168256721595836906e-02 4.683434518647007494e-02 4.596704249783174073e-02 0.000000000000000000e+00 3.209019947961838648e-02 9.540329575021683217e-02 1.604509973980919324e-01 9.453599306157849103e-02 0.000000000000000000e+00 1.040763226366001742e-02 1.040763226366001742e-02 0.000000000000000000e+00 1.908065915004336643e-02 1.474414570685169193e-02 1.647875108412836034e-02 2.168256721595836906e-02 1.309627059843885555e-01 9.540329575021683217e-03 1.040763226366001742e-02 9.540329575021683217e-03
2.871621621621621781e-02 6.587837837837837163e-02 2.871621621621621781e-02 0.000000000000000000e+00 1.672297297297297425e-01 1.689189189189189283e-02 8.614864864864864302e-02 4.898648648648648574e-02 0.000000000000000000e+00 3.716216216216216423e-02 6.587837837837837163e-02 0.000000000000000000e+00 3.462837837837837857e-02 0.000000000000000000e+00 3.462837837837837857e-02 1.689189189189189283e-02 0.000000000000000000e+00 3.293918918918918581e-02 6.418918918918918581e-02 1.435810810810810891e-02 7.179054054054054279e-02 7.516891891891891442e-02 6.250000000000000000e-02 3.040540540540540709e-02 1.689189189189189283e-02
4.177109440267334772e-02 4.344193817878028163e-02 1.712614870509607257e-01 0.000000000000000000e+00 0.000000000000000000e+00 4.761904761904761640e-02 1.896407685881369987e-01 7.101086048454469113e-02 0.000000000000000000e+00 2.172096908939014082e-02 7.602339181286549286e-02 0.000000000000000000e+00 2.756892230576440950e-02 0.000000000000000000e+00 4.761904761904761640e-02 2.005012531328320691e-02 0.000000000000000000e+00 1.503759398496240518e-02 1.754385964912280604e-02 5.012531328320801727e-02 4.344193817878028163e-02 3.759398496240601295e-02 5.012531328320801727e-02 1.336675020885547127e-02 1.503759398496240518e-02
1.503759398496240518e-02 1.336675020885547127e-02 5.012531328320801727e-02 3.759398496240601295e-02 4.344193817878028163e-02 5.012531328320801727e-02 1.754385964912280604e-02 1.503759398496240518e-02 0.000000000000000000e+00 2.005012531328320691e-02 4.761904761904761640e-02 0.000000000000000000e+00 2.756892230576440950e-02 0.000000000000000000e+00 7.602339181286549286e-02 2.172096908939014082e-02 0.000000000000000000e+00 7.101086048454469113e-02 1.896407685881369987e-01 4.761904761904761640e-02 0.000000000000000000e+00 0.000000000000000000e+00 1.712614870509607257e-01 4.344193817878028163e-02 4.177109440267334772e-02
